72	41
0 0 0 0 0 0 0 0 0 0 0 0 0 0 0 0 0 0 0 0 0 0 0 0 0 0 0 0 0 0 0 0 0 0 0 0 0 0 0 0 0
0.087266 0.087266 0.087266 0.087266 0.087266 0.087266 0.087266 0.087266 0.087266 0.087266 0.087266 0.087266 0.087266 0.087266 0.087266 0.087266 0.087266 0.087266 0.087266 0.087266 0.087266 0.087266 0.087266 0.087266 0.087266 0.087266 0.087266 0.087266 0.087266 0.087266 0.087266 0.087266 0.087266 0.087266 0.087266 0.087266 0.087266 0.087266 0.087266 0.087266 0.087266
0.17453 0.17453 0.17453 0.17453 0.17453 0.17453 0.17453 0.17453 0.17453 0.17453 0.17453 0.17453 0.17453 0.17453 0.17453 0.17453 0.17453 0.17453 0.17453 0.17453 0.17453 0.17453 0.17453 0.17453 0.17453 0.17453 0.17453 0.17453 0.17453 0.17453 0.17453 0.17453 0.17453 0.17453 0.17453 0.17453 0.17453 0.17453 0.17453 0.17453 0.17453
0.2618 0.2618 0.2618 0.2618 0.2618 0.2618 0.2618 0.2618 0.2618 0.2618 0.2618 0.2618 0.2618 0.2618 0.2618 0.2618 0.2618 0.2618 0.2618 0.2618 0.2618 0.2618 0.2618 0.2618 0.2618 0.2618 0.2618 0.2618 0.2618 0.2618 0.2618 0.2618 0.2618 0.2618 0.2618 0.2618 0.2618 0.2618 0.2618 0.2618 0.2618
0.34907 0.34907 0.34907 0.34907 0.34907 0.34907 0.34907 0.34907 0.34907 0.34907 0.34907 0.34907 0.34907 0.34907 0.34907 0.34907 0.34907 0.34907 0.34907 0.34907 0.34907 0.34907 0.34907 0.34907 0.34907 0.34907 0.34907 0.34907 0.34907 0.34907 0.34907 0.34907 0.34907 0.34907 0.34907 0.34907 0.34907 0.34907 0.34907 0.34907 0.34907
0.43633 0.43633 0.43633 0.43633 0.43633 0.43633 0.43633 0.43633 0.43633 0.43633 0.43633 0.43633 0.43633 0.43633 0.43633 0.43633 0.43633 0.43633 0.43633 0.43633 0.43633 0.43633 0.43633 0.43633 0.43633 0.43633 0.43633 0.43633 0.43633 0.43633 0.43633 0.43633 0.43633 0.43633 0.43633 0.43633 0.43633 0.43633 0.43633 0.43633 0.43633
0.5236 0.5236 0.5236 0.5236 0.5236 0.5236 0.5236 0.5236 0.5236 0.5236 0.5236 0.5236 0.5236 0.5236 0.5236 0.5236 0.5236 0.5236 0.5236 0.5236 0.5236 0.5236 0.5236 0.5236 0.5236 0.5236 0.5236 0.5236 0.5236 0.5236 0.5236 0.5236 0.5236 0.5236 0.5236 0.5236 0.5236 0.5236 0.5236 0.5236 0.5236
0.61087 0.61087 0.61087 0.61087 0.61087 0.61087 0.61087 0.61087 0.61087 0.61087 0.61087 0.61087 0.61087 0.61087 0.61087 0.61087 0.61087 0.61087 0.61087 0.61087 0.61087 0.61087 0.61087 0.61087 0.61087 0.61087 0.61087 0.61087 0.61087 0.61087 0.61087 0.61087 0.61087 0.61087 0.61087 0.61087 0.61087 0.61087 0.61087 0.61087 0.61087
0.69813 0.69813 0.69813 0.69813 0.69813 0.69813 0.69813 0.69813 0.69813 0.69813 0.69813 0.69813 0.69813 0.69813 0.69813 0.69813 0.69813 0.69813 0.69813 0.69813 0.69813 0.69813 0.69813 0.69813 0.69813 0.69813 0.69813 0.69813 0.69813 0.69813 0.69813 0.69813 0.69813 0.69813 0.69813 0.69813 0.69813 0.69813 0.69813 0.69813 0.69813
0.7854 0.7854 0.7854 0.7854 0.7854 0.7854 0.7854 0.7854 0.7854 0.7854 0.7854 0.7854 0.7854 0.7854 0.7854 0.7854 0.7854 0.7854 0.7854 0.7854 0.7854 0.7854 0.7854 0.7854 0.7854 0.7854 0.7854 0.7854 0.7854 0.7854 0.7854 0.7854 0.7854 0.7854 0.7854 0.7854 0.7854 0.7854 0.7854 0.7854 0.7854
0.87266 0.87266 0.87266 0.87266 0.87266 0.87266 0.87266 0.87266 0.87266 0.87266 0.87266 0.87266 0.87266 0.87266 0.87266 0.87266 0.87266 0.87266 0.87266 0.87266 0.87266 0.87266 0.87266 0.87266 0.87266 0.87266 0.87266 0.87266 0.87266 0.87266 0.87266 0.87266 0.87266 0.87266 0.87266 0.87266 0.87266 0.87266 0.87266 0.87266 0.87266
0.95993 0.95993 0.95993 0.95993 0.95993 0.95993 0.95993 0.95993 0.95993 0.95993 0.95993 0.95993 0.95993 0.95993 0.95993 0.95993 0.95993 0.95993 0.95993 0.95993 0.95993 0.95993 0.95993 0.95993 0.95993 0.95993 0.95993 0.95993 0.95993 0.95993 0.95993 0.95993 0.95993 0.95993 0.95993 0.95993 0.95993 0.95993 0.95993 0.95993 0.95993
1.0472 1.0472 1.0472 1.0472 1.0472 1.0472 1.0472 1.0472 1.0472 1.0472 1.0472 1.0472 1.0472 1.0472 1.0472 1.0472 1.0472 1.0472 1.0472 1.0472 1.0472 1.0472 1.0472 1.0472 1.0472 1.0472 1.0472 1.0472 1.0472 1.0472 1.0472 1.0472 1.0472 1.0472 1.0472 1.0472 1.0472 1.0472 1.0472 1.0472 1.0472
1.1345 1.1345 1.1345 1.1345 1.1345 1.1345 1.1345 1.1345 1.1345 1.1345 1.1345 1.1345 1.1345 1.1345 1.1345 1.1345 1.1345 1.1345 1.1345 1.1345 1.1345 1.1345 1.1345 1.1345 1.1345 1.1345 1.1345 1.1345 1.1345 1.1345 1.1345 1.1345 1.1345 1.1345 1.1345 1.1345 1.1345 1.1345 1.1345 1.1345 1.1345
1.2217 1.2217 1.2217 1.2217 1.2217 1.2217 1.2217 1.2217 1.2217 1.2217 1.2217 1.2217 1.2217 1.2217 1.2217 1.2217 1.2217 1.2217 1.2217 1.2217 1.2217 1.2217 1.2217 1.2217 1.2217 1.2217 1.2217 1.2217 1.2217 1.2217 1.2217 1.2217 1.2217 1.2217 1.2217 1.2217 1.2217 1.2217 1.2217 1.2217 1.2217
1.309 1.309 1.309 1.309 1.309 1.309 1.309 1.309 1.309 1.309 1.309 1.309 1.309 1.309 1.309 1.309 1.309 1.309 1.309 1.309 1.309 1.309 1.309 1.309 1.309 1.309 1.309 1.309 1.309 1.309 1.309 1.309 1.309 1.309 1.309 1.309 1.309 1.309 1.309 1.309 1.309
1.3963 1.3963 1.3963 1.3963 1.3963 1.3963 1.3963 1.3963 1.3963 1.3963 1.3963 1.3963 1.3963 1.3963 1.3963 1.3963 1.3963 1.3963 1.3963 1.3963 1.3963 1.3963 1.3963 1.3963 1.3963 1.3963 1.3963 1.3963 1.3963 1.3963 1.3963 1.3963 1.3963 1.3963 1.3963 1.3963 1.3963 1.3963 1.3963 1.3963 1.3963
1.4835 1.4835 1.4835 1.4835 1.4835 1.4835 1.4835 1.4835 1.4835 1.4835 1.4835 1.4835 1.4835 1.4835 1.4835 1.4835 1.4835 1.4835 1.4835 1.4835 1.4835 1.4835 1.4835 1.4835 1.4835 1.4835 1.4835 1.4835 1.4835 1.4835 1.4835 1.4835 1.4835 1.4835 1.4835 1.4835 1.4835 1.4835 1.4835 1.4835 1.4835
1.5708 1.5708 1.5708 1.5708 1.5708 1.5708 1.5708 1.5708 1.5708 1.5708 1.5708 1.5708 1.5708 1.5708 1.5708 1.5708 1.5708 1.5708 1.5708 1.5708 1.5708 1.5708 1.5708 1.5708 1.5708 1.5708 1.5708 1.5708 1.5708 1.5708 1.5708 1.5708 1.5708 1.5708 1.5708 1.5708 1.5708 1.5708 1.5708 1.5708 1.5708
1.6581 1.6581 1.6581 1.6581 1.6581 1.6581 1.6581 1.6581 1.6581 1.6581 1.6581 1.6581 1.6581 1.6581 1.6581 1.6581 1.6581 1.6581 1.6581 1.6581 1.6581 1.6581 1.6581 1.6581 1.6581 1.6581 1.6581 1.6581 1.6581 1.6581 1.6581 1.6581 1.6581 1.6581 1.6581 1.6581 1.6581 1.6581 1.6581 1.6581 1.6581
1.7453 1.7453 1.7453 1.7453 1.7453 1.7453 1.7453 1.7453 1.7453 1.7453 1.7453 1.7453 1.7453 1.7453 1.7453 1.7453 1.7453 1.7453 1.7453 1.7453 1.7453 1.7453 1.7453 1.7453 1.7453 1.7453 1.7453 1.7453 1.7453 1.7453 1.7453 1.7453 1.7453 1.7453 1.7453 1.7453 1.7453 1.7453 1.7453 1.7453 1.7453
1.8326 1.8326 1.8326 1.8326 1.8326 1.8326 1.8326 1.8326 1.8326 1.8326 1.8326 1.8326 1.8326 1.8326 1.8326 1.8326 1.8326 1.8326 1.8326 1.8326 1.8326 1.8326 1.8326 1.8326 1.8326 1.8326 1.8326 1.8326 1.8326 1.8326 1.8326 1.8326 1.8326 1.8326 1.8326 1.8326 1.8326 1.8326 1.8326 1.8326 1.8326
1.9199 1.9199 1.9199 1.9199 1.9199 1.9199 1.9199 1.9199 1.9199 1.9199 1.9199 1.9199 1.9199 1.9199 1.9199 1.9199 1.9199 1.9199 1.9199 1.9199 1.9199 1.9199 1.9199 1.9199 1.9199 1.9199 1.9199 1.9199 1.9199 1.9199 1.9199 1.9199 1.9199 1.9199 1.9199 1.9199 1.9199 1.9199 1.9199 1.9199 1.9199
2.0071 2.0071 2.0071 2.0071 2.0071 2.0071 2.0071 2.0071 2.0071 2.0071 2.0071 2.0071 2.0071 2.0071 2.0071 2.0071 2.0071 2.0071 2.0071 2.0071 2.0071 2.0071 2.0071 2.0071 2.0071 2.0071 2.0071 2.0071 2.0071 2.0071 2.0071 2.0071 2.0071 2.0071 2.0071 2.0071 2.0071 2.0071 2.0071 2.0071 2.0071
2.0944 2.0944 2.0944 2.0944 2.0944 2.0944 2.0944 2.0944 2.0944 2.0944 2.0944 2.0944 2.0944 2.0944 2.0944 2.0944 2.0944 2.0944 2.0944 2.0944 2.0944 2.0944 2.0944 2.0944 2.0944 2.0944 2.0944 2.0944 2.0944 2.0944 2.0944 2.0944 2.0944 2.0944 2.0944 2.0944 2.0944 2.0944 2.0944 2.0944 2.0944
2.1817 2.1817 2.1817 2.1817 2.1817 2.1817 2.1817 2.1817 2.1817 2.1817 2.1817 2.1817 2.1817 2.1817 2.1817 2.1817 2.1817 2.1817 2.1817 2.1817 2.1817 2.1817 2.1817 2.1817 2.1817 2.1817 2.1817 2.1817 2.1817 2.1817 2.1817 2.1817 2.1817 2.1817 2.1817 2.1817 2.1817 2.1817 2.1817 2.1817 2.1817
2.2689 2.2689 2.2689 2.2689 2.2689 2.2689 2.2689 2.2689 2.2689 2.2689 2.2689 2.2689 2.2689 2.2689 2.2689 2.2689 2.2689 2.2689 2.2689 2.2689 2.2689 2.2689 2.2689 2.2689 2.2689 2.2689 2.2689 2.2689 2.2689 2.2689 2.2689 2.2689 2.2689 2.2689 2.2689 2.2689 2.2689 2.2689 2.2689 2.2689 2.2689
2.3562 2.3562 2.3562 2.3562 2.3562 2.3562 2.3562 2.3562 2.3562 2.3562 2.3562 2.3562 2.3562 2.3562 2.3562 2.3562 2.3562 2.3562 2.3562 2.3562 2.3562 2.3562 2.3562 2.3562 2.3562 2.3562 2.3562 2.3562 2.3562 2.3562 2.3562 2.3562 2.3562 2.3562 2.3562 2.3562 2.3562 2.3562 2.3562 2.3562 2.3562
2.4435 2.4435 2.4435 2.4435 2.4435 2.4435 2.4435 2.4435 2.4435 2.4435 2.4435 2.4435 2.4435 2.4435 2.4435 2.4435 2.4435 2.4435 2.4435 2.4435 2.4435 2.4435 2.4435 2.4435 2.4435 2.4435 2.4435 2.4435 2.4435 2.4435 2.4435 2.4435 2.4435 2.4435 2.4435 2.4435 2.4435 2.4435 2.4435 2.4435 2.4435
2.5307 2.5307 2.5307 2.5307 2.5307 2.5307 2.5307 2.5307 2.5307 2.5307 2.5307 2.5307 2.5307 2.5307 2.5307 2.5307 2.5307 2.5307 2.5307 2.5307 2.5307 2.5307 2.5307 2.5307 2.5307 2.5307 2.5307 2.5307 2.5307 2.5307 2.5307 2.5307 2.5307 2.5307 2.5307 2.5307 2.5307 2.5307 2.5307 2.5307 2.5307
2.618 2.618 2.618 2.618 2.618 2.618 2.618 2.618 2.618 2.618 2.618 2.618 2.618 2.618 2.618 2.618 2.618 2.618 2.618 2.618 2.618 2.618 2.618 2.618 2.618 2.618 2.618 2.618 2.618 2.618 2.618 2.618 2.618 2.618 2.618 2.618 2.618 2.618 2.618 2.618 2.618
2.7053 2.7053 2.7053 2.7053 2.7053 2.7053 2.7053 2.7053 2.7053 2.7053 2.7053 2.7053 2.7053 2.7053 2.7053 2.7053 2.7053 2.7053 2.7053 2.7053 2.7053 2.7053 2.7053 2.7053 2.7053 2.7053 2.7053 2.7053 2.7053 2.7053 2.7053 2.7053 2.7053 2.7053 2.7053 2.7053 2.7053 2.7053 2.7053 2.7053 2.7053
2.7925 2.7925 2.7925 2.7925 2.7925 2.7925 2.7925 2.7925 2.7925 2.7925 2.7925 2.7925 2.7925 2.7925 2.7925 2.7925 2.7925 2.7925 2.7925 2.7925 2.7925 2.7925 2.7925 2.7925 2.7925 2.7925 2.7925 2.7925 2.7925 2.7925 2.7925 2.7925 2.7925 2.7925 2.7925 2.7925 2.7925 2.7925 2.7925 2.7925 2.7925
2.8798 2.8798 2.8798 2.8798 2.8798 2.8798 2.8798 2.8798 2.8798 2.8798 2.8798 2.8798 2.8798 2.8798 2.8798 2.8798 2.8798 2.8798 2.8798 2.8798 2.8798 2.8798 2.8798 2.8798 2.8798 2.8798 2.8798 2.8798 2.8798 2.8798 2.8798 2.8798 2.8798 2.8798 2.8798 2.8798 2.8798 2.8798 2.8798 2.8798 2.8798
2.9671 2.9671 2.9671 2.9671 2.9671 2.9671 2.9671 2.9671 2.9671 2.9671 2.9671 2.9671 2.9671 2.9671 2.9671 2.9671 2.9671 2.9671 2.9671 2.9671 2.9671 2.9671 2.9671 2.9671 2.9671 2.9671 2.9671 2.9671 2.9671 2.9671 2.9671 2.9671 2.9671 2.9671 2.9671 2.9671 2.9671 2.9671 2.9671 2.9671 2.9671
3.0543 3.0543 3.0543 3.0543 3.0543 3.0543 3.0543 3.0543 3.0543 3.0543 3.0543 3.0543 3.0543 3.0543 3.0543 3.0543 3.0543 3.0543 3.0543 3.0543 3.0543 3.0543 3.0543 3.0543 3.0543 3.0543 3.0543 3.0543 3.0543 3.0543 3.0543 3.0543 3.0543 3.0543 3.0543 3.0543 3.0543 3.0543 3.0543 3.0543 3.0543
3.1416 3.1416 3.1416 3.1416 3.1416 3.1416 3.1416 3.1416 3.1416 3.1416 3.1416 3.1416 3.1416 3.1416 3.1416 3.1416 3.1416 3.1416 3.1416 3.1416 3.1416 3.1416 3.1416 3.1416 3.1416 3.1416 3.1416 3.1416 3.1416 3.1416 3.1416 3.1416 3.1416 3.1416 3.1416 3.1416 3.1416 3.1416 3.1416 3.1416 3.1416
3.2289 3.2289 3.2289 3.2289 3.2289 3.2289 3.2289 3.2289 3.2289 3.2289 3.2289 3.2289 3.2289 3.2289 3.2289 3.2289 3.2289 3.2289 3.2289 3.2289 3.2289 3.2289 3.2289 3.2289 3.2289 3.2289 3.2289 3.2289 3.2289 3.2289 3.2289 3.2289 3.2289 3.2289 3.2289 3.2289 3.2289 3.2289 3.2289 3.2289 3.2289
3.3161 3.3161 3.3161 3.3161 3.3161 3.3161 3.3161 3.3161 3.3161 3.3161 3.3161 3.3161 3.3161 3.3161 3.3161 3.3161 3.3161 3.3161 3.3161 3.3161 3.3161 3.3161 3.3161 3.3161 3.3161 3.3161 3.3161 3.3161 3.3161 3.3161 3.3161 3.3161 3.3161 3.3161 3.3161 3.3161 3.3161 3.3161 3.3161 3.3161 3.3161
3.4034 3.4034 3.4034 3.4034 3.4034 3.4034 3.4034 3.4034 3.4034 3.4034 3.4034 3.4034 3.4034 3.4034 3.4034 3.4034 3.4034 3.4034 3.4034 3.4034 3.4034 3.4034 3.4034 3.4034 3.4034 3.4034 3.4034 3.4034 3.4034 3.4034 3.4034 3.4034 3.4034 3.4034 3.4034 3.4034 3.4034 3.4034 3.4034 3.4034 3.4034
3.4907 3.4907 3.4907 3.4907 3.4907 3.4907 3.4907 3.4907 3.4907 3.4907 3.4907 3.4907 3.4907 3.4907 3.4907 3.4907 3.4907 3.4907 3.4907 3.4907 3.4907 3.4907 3.4907 3.4907 3.4907 3.4907 3.4907 3.4907 3.4907 3.4907 3.4907 3.4907 3.4907 3.4907 3.4907 3.4907 3.4907 3.4907 3.4907 3.4907 3.4907
3.5779 3.5779 3.5779 3.5779 3.5779 3.5779 3.5779 3.5779 3.5779 3.5779 3.5779 3.5779 3.5779 3.5779 3.5779 3.5779 3.5779 3.5779 3.5779 3.5779 3.5779 3.5779 3.5779 3.5779 3.5779 3.5779 3.5779 3.5779 3.5779 3.5779 3.5779 3.5779 3.5779 3.5779 3.5779 3.5779 3.5779 3.5779 3.5779 3.5779 3.5779
3.6652 3.6652 3.6652 3.6652 3.6652 3.6652 3.6652 3.6652 3.6652 3.6652 3.6652 3.6652 3.6652 3.6652 3.6652 3.6652 3.6652 3.6652 3.6652 3.6652 3.6652 3.6652 3.6652 3.6652 3.6652 3.6652 3.6652 3.6652 3.6652 3.6652 3.6652 3.6652 3.6652 3.6652 3.6652 3.6652 3.6652 3.6652 3.6652 3.6652 3.6652
3.7525 3.7525 3.7525 3.7525 3.7525 3.7525 3.7525 3.7525 3.7525 3.7525 3.7525 3.7525 3.7525 3.7525 3.7525 3.7525 3.7525 3.7525 3.7525 3.7525 3.7525 3.7525 3.7525 3.7525 3.7525 3.7525 3.7525 3.7525 3.7525 3.7525 3.7525 3.7525 3.7525 3.7525 3.7525 3.7525 3.7525 3.7525 3.7525 3.7525 3.7525
3.8397 3.8397 3.8397 3.8397 3.8397 3.8397 3.8397 3.8397 3.8397 3.8397 3.8397 3.8397 3.8397 3.8397 3.8397 3.8397 3.8397 3.8397 3.8397 3.8397 3.8397 3.8397 3.8397 3.8397 3.8397 3.8397 3.8397 3.8397 3.8397 3.8397 3.8397 3.8397 3.8397 3.8397 3.8397 3.8397 3.8397 3.8397 3.8397 3.8397 3.8397
3.927 3.927 3.927 3.927 3.927 3.927 3.927 3.927 3.927 3.927 3.927 3.927 3.927 3.927 3.927 3.927 3.927 3.927 3.927 3.927 3.927 3.927 3.927 3.927 3.927 3.927 3.927 3.927 3.927 3.927 3.927 3.927 3.927 3.927 3.927 3.927 3.927 3.927 3.927 3.927 3.927
4.0143 4.0143 4.0143 4.0143 4.0143 4.0143 4.0143 4.0143 4.0143 4.0143 4.0143 4.0143 4.0143 4.0143 4.0143 4.0143 4.0143 4.0143 4.0143 4.0143 4.0143 4.0143 4.0143 4.0143 4.0143 4.0143 4.0143 4.0143 4.0143 4.0143 4.0143 4.0143 4.0143 4.0143 4.0143 4.0143 4.0143 4.0143 4.0143 4.0143 4.0143
4.1015 4.1015 4.1015 4.1015 4.1015 4.1015 4.1015 4.1015 4.1015 4.1015 4.1015 4.1015 4.1015 4.1015 4.1015 4.1015 4.1015 4.1015 4.1015 4.1015 4.1015 4.1015 4.1015 4.1015 4.1015 4.1015 4.1015 4.1015 4.1015 4.1015 4.1015 4.1015 4.1015 4.1015 4.1015 4.1015 4.1015 4.1015 4.1015 4.1015 4.1015
4.1888 4.1888 4.1888 4.1888 4.1888 4.1888 4.1888 4.1888 4.1888 4.1888 4.1888 4.1888 4.1888 4.1888 4.1888 4.1888 4.1888 4.1888 4.1888 4.1888 4.1888 4.1888 4.1888 4.1888 4.1888 4.1888 4.1888 4.1888 4.1888 4.1888 4.1888 4.1888 4.1888 4.1888 4.1888 4.1888 4.1888 4.1888 4.1888 4.1888 4.1888
4.2761 4.2761 4.2761 4.2761 4.2761 4.2761 4.2761 4.2761 4.2761 4.2761 4.2761 4.2761 4.2761 4.2761 4.2761 4.2761 4.2761 4.2761 4.2761 4.2761 4.2761 4.2761 4.2761 4.2761 4.2761 4.2761 4.2761 4.2761 4.2761 4.2761 4.2761 4.2761 4.2761 4.2761 4.2761 4.2761 4.2761 4.2761 4.2761 4.2761 4.2761
4.3633 4.3633 4.3633 4.3633 4.3633 4.3633 4.3633 4.3633 4.3633 4.3633 4.3633 4.3633 4.3633 4.3633 4.3633 4.3633 4.3633 4.3633 4.3633 4.3633 4.3633 4.3633 4.3633 4.3633 4.3633 4.3633 4.3633 4.3633 4.3633 4.3633 4.3633 4.3633 4.3633 4.3633 4.3633 4.3633 4.3633 4.3633 4.3633 4.3633 4.3633
4.4506 4.4506 4.4506 4.4506 4.4506 4.4506 4.4506 4.4506 4.4506 4.4506 4.4506 4.4506 4.4506 4.4506 4.4506 4.4506 4.4506 4.4506 4.4506 4.4506 4.4506 4.4506 4.4506 4.4506 4.4506 4.4506 4.4506 4.4506 4.4506 4.4506 4.4506 4.4506 4.4506 4.4506 4.4506 4.4506 4.4506 4.4506 4.4506 4.4506 4.4506
4.5379 4.5379 4.5379 4.5379 4.5379 4.5379 4.5379 4.5379 4.5379 4.5379 4.5379 4.5379 4.5379 4.5379 4.5379 4.5379 4.5379 4.5379 4.5379 4.5379 4.5379 4.5379 4.5379 4.5379 4.5379 4.5379 4.5379 4.5379 4.5379 4.5379 4.5379 4.5379 4.5379 4.5379 4.5379 4.5379 4.5379 4.5379 4.5379 4.5379 4.5379
4.6251 4.6251 4.6251 4.6251 4.6251 4.6251 4.6251 4.6251 4.6251 4.6251 4.6251 4.6251 4.6251 4.6251 4.6251 4.6251 4.6251 4.6251 4.6251 4.6251 4.6251 4.6251 4.6251 4.6251 4.6251 4.6251 4.6251 4.6251 4.6251 4.6251 4.6251 4.6251 4.6251 4.6251 4.6251 4.6251 4.6251 4.6251 4.6251 4.6251 4.6251
4.7124 4.7124 4.7124 4.7124 4.7124 4.7124 4.7124 4.7124 4.7124 4.7124 4.7124 4.7124 4.7124 4.7124 4.7124 4.7124 4.7124 4.7124 4.7124 4.7124 4.7124 4.7124 4.7124 4.7124 4.7124 4.7124 4.7124 4.7124 4.7124 4.7124 4.7124 4.7124 4.7124 4.7124 4.7124 4.7124 4.7124 4.7124 4.7124 4.7124 4.7124
4.7997 4.7997 4.7997 4.7997 4.7997 4.7997 4.7997 4.7997 4.7997 4.7997 4.7997 4.7997 4.7997 4.7997 4.7997 4.7997 4.7997 4.7997 4.7997 4.7997 4.7997 4.7997 4.7997 4.7997 4.7997 4.7997 4.7997 4.7997 4.7997 4.7997 4.7997 4.7997 4.7997 4.7997 4.7997 4.7997 4.7997 4.7997 4.7997 4.7997 4.7997
4.8869 4.8869 4.8869 4.8869 4.8869 4.8869 4.8869 4.8869 4.8869 4.8869 4.8869 4.8869 4.8869 4.8869 4.8869 4.8869 4.8869 4.8869 4.8869 4.8869 4.8869 4.8869 4.8869 4.8869 4.8869 4.8869 4.8869 4.8869 4.8869 4.8869 4.8869 4.8869 4.8869 4.8869 4.8869 4.8869 4.8869 4.8869 4.8869 4.8869 4.8869
4.9742 4.9742 4.9742 4.9742 4.9742 4.9742 4.9742 4.9742 4.9742 4.9742 4.9742 4.9742 4.9742 4.9742 4.9742 4.9742 4.9742 4.9742 4.9742 4.9742 4.9742 4.9742 4.9742 4.9742 4.9742 4.9742 4.9742 4.9742 4.9742 4.9742 4.9742 4.9742 4.9742 4.9742 4.9742 4.9742 4.9742 4.9742 4.9742 4.9742 4.9742
5.0615 5.0615 5.0615 5.0615 5.0615 5.0615 5.0615 5.0615 5.0615 5.0615 5.0615 5.0615 5.0615 5.0615 5.0615 5.0615 5.0615 5.0615 5.0615 5.0615 5.0615 5.0615 5.0615 5.0615 5.0615 5.0615 5.0615 5.0615 5.0615 5.0615 5.0615 5.0615 5.0615 5.0615 5.0615 5.0615 5.0615 5.0615 5.0615 5.0615 5.0615
5.1487 5.1487 5.1487 5.1487 5.1487 5.1487 5.1487 5.1487 5.1487 5.1487 5.1487 5.1487 5.1487 5.1487 5.1487 5.1487 5.1487 5.1487 5.1487 5.1487 5.1487 5.1487 5.1487 5.1487 5.1487 5.1487 5.1487 5.1487 5.1487 5.1487 5.1487 5.1487 5.1487 5.1487 5.1487 5.1487 5.1487 5.1487 5.1487 5.1487 5.1487
5.236 5.236 5.236 5.236 5.236 5.236 5.236 5.236 5.236 5.236 5.236 5.236 5.236 5.236 5.236 5.236 5.236 5.236 5.236 5.236 5.236 5.236 5.236 5.236 5.236 5.236 5.236 5.236 5.236 5.236 5.236 5.236 5.236 5.236 5.236 5.236 5.236 5.236 5.236 5.236 5.236
5.3233 5.3233 5.3233 5.3233 5.3233 5.3233 5.3233 5.3233 5.3233 5.3233 5.3233 5.3233 5.3233 5.3233 5.3233 5.3233 5.3233 5.3233 5.3233 5.3233 5.3233 5.3233 5.3233 5.3233 5.3233 5.3233 5.3233 5.3233 5.3233 5.3233 5.3233 5.3233 5.3233 5.3233 5.3233 5.3233 5.3233 5.3233 5.3233 5.3233 5.3233
5.4105 5.4105 5.4105 5.4105 5.4105 5.4105 5.4105 5.4105 5.4105 5.4105 5.4105 5.4105 5.4105 5.4105 5.4105 5.4105 5.4105 5.4105 5.4105 5.4105 5.4105 5.4105 5.4105 5.4105 5.4105 5.4105 5.4105 5.4105 5.4105 5.4105 5.4105 5.4105 5.4105 5.4105 5.4105 5.4105 5.4105 5.4105 5.4105 5.4105 5.4105
5.4978 5.4978 5.4978 5.4978 5.4978 5.4978 5.4978 5.4978 5.4978 5.4978 5.4978 5.4978 5.4978 5.4978 5.4978 5.4978 5.4978 5.4978 5.4978 5.4978 5.4978 5.4978 5.4978 5.4978 5.4978 5.4978 5.4978 5.4978 5.4978 5.4978 5.4978 5.4978 5.4978 5.4978 5.4978 5.4978 5.4978 5.4978 5.4978 5.4978 5.4978
5.5851 5.5851 5.5851 5.5851 5.5851 5.5851 5.5851 5.5851 5.5851 5.5851 5.5851 5.5851 5.5851 5.5851 5.5851 5.5851 5.5851 5.5851 5.5851 5.5851 5.5851 5.5851 5.5851 5.5851 5.5851 5.5851 5.5851 5.5851 5.5851 5.5851 5.5851 5.5851 5.5851 5.5851 5.5851 5.5851 5.5851 5.5851 5.5851 5.5851 5.5851
5.6723 5.6723 5.6723 5.6723 5.6723 5.6723 5.6723 5.6723 5.6723 5.6723 5.6723 5.6723 5.6723 5.6723 5.6723 5.6723 5.6723 5.6723 5.6723 5.6723 5.6723 5.6723 5.6723 5.6723 5.6723 5.6723 5.6723 5.6723 5.6723 5.6723 5.6723 5.6723 5.6723 5.6723 5.6723 5.6723 5.6723 5.6723 5.6723 5.6723 5.6723
5.7596 5.7596 5.7596 5.7596 5.7596 5.7596 5.7596 5.7596 5.7596 5.7596 5.7596 5.7596 5.7596 5.7596 5.7596 5.7596 5.7596 5.7596 5.7596 5.7596 5.7596 5.7596 5.7596 5.7596 5.7596 5.7596 5.7596 5.7596 5.7596 5.7596 5.7596 5.7596 5.7596 5.7596 5.7596 5.7596 5.7596 5.7596 5.7596 5.7596 5.7596
5.8469 5.8469 5.8469 5.8469 5.8469 5.8469 5.8469 5.8469 5.8469 5.8469 5.8469 5.8469 5.8469 5.8469 5.8469 5.8469 5.8469 5.8469 5.8469 5.8469 5.8469 5.8469 5.8469 5.8469 5.8469 5.8469 5.8469 5.8469 5.8469 5.8469 5.8469 5.8469 5.8469 5.8469 5.8469 5.8469 5.8469 5.8469 5.8469 5.8469 5.8469
5.9341 5.9341 5.9341 5.9341 5.9341 5.9341 5.9341 5.9341 5.9341 5.9341 5.9341 5.9341 5.9341 5.9341 5.9341 5.9341 5.9341 5.9341 5.9341 5.9341 5.9341 5.9341 5.9341 5.9341 5.9341 5.9341 5.9341 5.9341 5.9341 5.9341 5.9341 5.9341 5.9341 5.9341 5.9341 5.9341 5.9341 5.9341 5.9341 5.9341 5.9341
6.0214 6.0214 6.0214 6.0214 6.0214 6.0214 6.0214 6.0214 6.0214 6.0214 6.0214 6.0214 6.0214 6.0214 6.0214 6.0214 6.0214 6.0214 6.0214 6.0214 6.0214 6.0214 6.0214 6.0214 6.0214 6.0214 6.0214 6.0214 6.0214 6.0214 6.0214 6.0214 6.0214 6.0214 6.0214 6.0214 6.0214 6.0214 6.0214 6.0214 6.0214
6.1087 6.1087 6.1087 6.1087 6.1087 6.1087 6.1087 6.1087 6.1087 6.1087 6.1087 6.1087 6.1087 6.1087 6.1087 6.1087 6.1087 6.1087 6.1087 6.1087 6.1087 6.1087 6.1087 6.1087 6.1087 6.1087 6.1087 6.1087 6.1087 6.1087 6.1087 6.1087 6.1087 6.1087 6.1087 6.1087 6.1087 6.1087 6.1087 6.1087 6.1087
6.1959 6.1959 6.1959 6.1959 6.1959 6.1959 6.1959 6.1959 6.1959 6.1959 6.1959 6.1959 6.1959 6.1959 6.1959 6.1959 6.1959 6.1959 6.1959 6.1959 6.1959 6.1959 6.1959 6.1959 6.1959 6.1959 6.1959 6.1959 6.1959 6.1959 6.1959 6.1959 6.1959 6.1959 6.1959 6.1959 6.1959 6.1959 6.1959 6.1959 6.1959
