72	41	3
0.074762 0.20854 0.29217 0.3358 0.37095 0.4014 0.42873 0.45381 0.47717 0.49916 0.52002 0.53995 0.55909 0.57754 0.5954 0.61274 0.62962 0.64608 0.66219 0.67796 0.69343 0.70864 0.72361 0.73836 0.75291 0.76728 0.78149 0.79555 0.80947 0.82328 0.83698 0.85058 0.86409 0.87754 0.89091 0.90423 0.91751 0.93074 0.94395 0.95713 0.97031
0.076587 0.20984 0.29315 0.33662 0.37163 0.40196 0.42919 0.45417 0.47744 0.49934 0.52013 0.53998 0.55904 0.57742 0.59521 0.61248 0.6293 0.6457 0.66174 0.67745 0.69287 0.70802 0.72293 0.73762 0.75211 0.76643 0.78058 0.79458 0.80846 0.82221 0.83585 0.8494 0.86287 0.87626 0.88958 0.90285 0.91607 0.92926 0.94241 0.95555 0.96867
0.077831 0.20956 0.29191 0.33488 0.36949 0.39947 0.42638 0.45108 0.47408 0.49573 0.51628 0.5359 0.55475 0.57292 0.59051 0.60758 0.6242 0.64041 0.65627 0.6718 0.68704 0.70201 0.71675 0.73128 0.7456 0.75975 0.77374 0.78759 0.8013 0.8149 0.82838 0.84178 0.85509 0.86832 0.88149 0.89461 0.90768 0.92071 0.93372 0.9467 0.95967
0.078484 0.20768 0.28845 0.3306 0.36454 0.39395 0.42034 0.44457 0.46712 0.48836 0.50851 0.52776 0.54624 0.56407 0.58131 0.59806 0.61436 0.63026 0.64581 0.66105 0.67599 0.69068 0.70514 0.71938 0.73343 0.74731 0.76103 0.77461 0.78806 0.8014 0.81463 0.82776 0.84082 0.8538 0.86672 0.87958 0.8924 0.90518 0.91794 0.93067 0.94339
0.078541 0.20423 0.28281 0.3238 0.35683 0.38543 0.41111 0.43468 0.45662 0.47728 0.49689 0.51561 0.53359 0.55093 0.56771 0.584 0.59986 0.61533 0.63046 0.64528 0.65982 0.67411 0.68817 0.70203 0.7157 0.7292 0.74255 0.75576 0.76884 0.78181 0.79468 0.80746 0.82016 0.83279 0.84536 0.85787 0.87034 0.88278 0.89519 0.90758 0.91995
0.078001 0.19922 0.27501 0.31455 0.3464 0.37399 0.39876 0.42149 0.44265 0.46258 0.48149 0.49955 0.51689 0.53361 0.5498 0.56551 0.5808 0.59572 0.61031 0.6246 0.63863 0.65241 0.66598 0.67934 0.69253 0.70555 0.71842 0.73116 0.74378 0.75629 0.7687 0.78103 0.79328 0.80546 0.81758 0.82965 0.84168 0.85367 0.86564 0.87759 0.88953
0.076869 0.19271 0.26513 0.30291 0.33335 0.35971 0.38338 0.4051 0.42532 0.44436 0.46243 0.47969 0.49626 0.51224 0.5277 0.54272 0.55733 0.57159 0.58553 0.59919 0.61259 0.62576 0.63872 0.65149 0.66409 0.67654 0.68884 0.70101 0.71307 0.72503 0.73689 0.74867 0.76037 0.77201 0.78359 0.79513 0.80662 0.81808 0.82952 0.84094 0.85234
0.075153 0.18473 0.25323 0.28897 0.31776 0.3427 0.36509 0.38563 0.40476 0.42277 0.43986 0.45619 0.47186 0.48698 0.50161 0.51581 0.52963 0.54312 0.55631 0.56923 0.5819 0.59436 0.60662 0.6187 0.63062 0.64239 0.65403 0.66554 0.67695 0.68826 0.69948 0.71062 0.72169 0.7327 0.74365 0.75456 0.76544 0.77628 0.7871 0.7979 0.80869
0.072865 0.17534 0.23941 0.27283 0.29976 0.32308 0.34402 0.36323 0.38112 0.39796 0.41395 0.42922 0.44388 0.45801 0.47169 0.48497 0.4979 0.51052 0.52285 0.53493 0.54679 0.55844 0.56991 0.5812 0.59235 0.60336 0.61424 0.62501 0.63568 0.64625 0.65675 0.66717 0.67752 0.68782 0.69806 0.70827 0.71844 0.72857 0.73869 0.74879 0.75888
0.070023 0.16462 0.22376 0.25462 0.27948 0.301 0.32033 0.33807 0.35459 0.37013 0.38489 0.39898 0.41252 0.42557 0.43819 0.45046 0.46239 0.47403 0.48542 0.49657 0.50752 0.51827 0.52886 0.53929 0.54958 0.55974 0.56978 0.57973 0.58957 0.59934 0.60902 0.61864 0.6282 0.63771 0.64716 0.65658 0.66597 0.67533 0.68467 0.69399 0.70331
0.066648 0.15265 0.20642 0.23447 0.25707 0.27664 0.29421 0.31033 0.32535 0.33948 0.3529 0.36571 0.37802 0.38988 0.40136 0.41251 0.42336 0.43394 0.44429 0.45443 0.46438 0.47416 0.48378 0.49327 0.50262 0.51186 0.52099 0.53003 0.53898 0.54786 0.55667 0.56541 0.5741 0.58274 0.59134 0.5999 0.60844 0.61695 0.62544 0.63391 0.64238
0.062766 0.13952 0.1875 0.21253 0.2327 0.25016 0.26585 0.28024 0.29364 0.30625 0.31822 0.32966 0.34064 0.35122 0.36147 0.37142 0.3811 0.39055 0.39979 0.40883 0.41771 0.42644 0.43503 0.44349 0.45184 0.46008 0.46823 0.4763 0.48429 0.49221 0.50007 0.50787 0.51563 0.52334 0.53101 0.53865 0.54627 0.55386 0.56144 0.569 0.57656
0.058406 0.12532 0.16715 0.18898 0.20656 0.22178 0.23546 0.248 0.25968 0.27068 0.28112 0.29109 0.30066 0.30989 0.31882 0.3275 0.33594 0.34417 0.35223 0.36012 0.36786 0.37546 0.38295 0.39033 0.39761 0.40479 0.4119 0.41893 0.4259 0.4328 0.43966 0.44646 0.45322 0.45994 0.46663 0.4733 0.47993 0.48655 0.49316 0.49976 0.50635
0.053599 0.11016 0.14553 0.16398 0.17884 0.19171 0.20327 0.21387 0.22375 0.23305 0.24187 0.2503 0.25839 0.26619 0.27374 0.28107 0.28821 0.29517 0.30198 0.30865 0.31519 0.32162 0.32795 0.33419 0.34034 0.34642 0.35242 0.35837 0.36426 0.37009 0.37589 0.38164 0.38735 0.39304 0.39869 0.40432 0.40994 0.41553 0.42112 0.42669 0.43226
0.048384 0.094167 0.12279 0.13772 0.14975 0.16017 0.16953 0.17811 0.1861 0.19363 0.20077 0.20759 0.21414 0.22045 0.22657 0.2325 0.23828 0.24391 0.24942 0.25482 0.26012 0.26532 0.27044 0.27549 0.28047 0.28539 0.29025 0.29506 0.29983 0.30455 0.30924 0.3139 0.31852 0.32312 0.3277 0.33226 0.3368 0.34133 0.34585 0.35036 0.35487
0.042799 0.077449 0.099112 0.11041 0.11952 0.1274 0.13448 0.14098 0.14703 0.15273 0.15813 0.16329 0.16825 0.17303 0.17766 0.18215 0.18652 0.19078 0.19495 0.19904 0.20305 0.20699 0.21086 0.21468 0.21845 0.22218 0.22585 0.2295 0.2331 0.23668 0.24023 0.24375 0.24725 0.25073 0.2542 0.25765 0.26109 0.26451 0.26794 0.27135 0.27476
0.036887 0.060138 0.074674 0.082258 0.088367 0.093659 0.098409 0.10277 0.10683 0.11065 0.11428 0.11774 0.12107 0.12427 0.12738 0.13039 0.13333 0.13619 0.13899 0.14173 0.14442 0.14706 0.14966 0.15223 0.15475 0.15725 0.15972 0.16216 0.16459 0.16698 0.16937 0.17173 0.17408 0.17642 0.17874 0.18106 0.18336 0.18566 0.18796 0.19025 0.19254
0.030691 0.042363 0.04966 0.053467 0.056534 0.05919 0.061575 0.063763 0.065801 0.067719 0.06954 0.071279 0.072949 0.074559 0.076117 0.07763 0.079102 0.080539 0.081944 0.08332 0.08467 0.085997 0.087303 0.08859 0.089859 0.091113 0.092353 0.093579 0.094794 0.095999 0.097194 0.098381 0.09956 0.10073 0.1019 0.10306 0.10422 0.10537 0.10653 0.10768 0.10883
0.024261 0.024261 0.024261 0.024261 0.024261 0.024261 0.024261 0.024261 0.024261 0.024261 0.024261 0.024261 0.024261 0.024261 0.024261 0.024261 0.024261 0.024261 0.024261 0.024261 0.024261 0.024261 0.024261 0.024261 0.024261 0.024261 0.024261 0.024261 0.024261 0.024261 0.024261 0.024261 0.024261 0.024261 0.024261 0.024261 0.024261 0.024261 0.024261 0.024261 0.024261
0.017644 0.0059685 -0.0013305 -0.0051387 -0.0082064 -0.010863 -0.013249 -0.015438 -0.017476 -0.019395 -0.021216 -0.022956 -0.024626 -0.026237 -0.027795 -0.029308 -0.030781 -0.032219 -0.033624 -0.035 -0.036351 -0.037678 -0.038985 -0.040272 -0.041542 -0.042796 -0.044036 -0.045263 -0.046478 -0.047683 -0.048879 -0.050066 -0.051245 -0.052418 -0.053586 -0.054748 -0.055907 -0.057062 -0.058215 -0.059365 -0.060515
0.01089 -0.012375 -0.026919 -0.034508 -0.040621 -0.045915 -0.050669 -0.055031 -0.059093 -0.062916 -0.066545 -0.070012 -0.07334 -0.076549 -0.079655 -0.08267 -0.085605 -0.088469 -0.091269 -0.094012 -0.096704 -0.099349 -0.10195 -0.10452 -0.10705 -0.10955 -0.11202 -0.11446 -0.11688 -0.11929 -0.12167 -0.12403 -0.12638 -0.12872 -0.13105 -0.13336 -0.13567 -0.13797 -0.14027 -0.14256 -0.14486
0.0040523 -0.030628 -0.05231 -0.063622 -0.072735 -0.080627 -0.087713 -0.094215 -0.10027 -0.10597 -0.11138 -0.11655 -0.12151 -0.12629 -0.13092 -0.13542 -0.13979 -0.14406 -0.14824 -0.15233 -0.15634 -0.16028 -0.16416 -0.16798 -0.17176 -0.17548 -0.17916 -0.18281 -0.18642 -0.19 -0.19355 -0.19708 -0.20058 -0.20407 -0.20753 -0.21099 -0.21443 -0.21786 -0.22128 -0.2247 -0.22812
-0.0028183 -0.048654 -0.077309 -0.09226 -0.1043 -0.11473 -0.1241 -0.13269 -0.1407 -0.14823 -0.15538 -0.16221 -0.16877 -0.17509 -0.18121 -0.18715 -0.19293 -0.19857 -0.20409 -0.20949 -0.2148 -0.22001 -0.22514 -0.23019 -0.23517 -0.2401 -0.24497 -0.24978 -0.25456 -0.25929 -0.26398 -0.26864 -0.27327 -0.27788 -0.28246 -0.28702 -0.29157 -0.29611 -0.30063 -0.30515 -0.30966
-0.0096689 -0.066313 -0.10173 -0.1202 -0.13509 -0.14798 -0.15955 -0.17017 -0.18006 -0.18937 -0.19821 -0.20665 -0.21475 -0.22256 -0.23012 -0.23747 -0.24461 -0.25159 -0.2584 -0.26508 -0.27163 -0.27807 -0.28441 -0.29066 -0.29682 -0.3029 -0.30892 -0.31487 -0.32077 -0.32661 -0.33241 -0.33817 -0.3439 -0.34959 -0.35525 -0.36089 -0.36651 -0.37212 -0.37771 -0.38329 -0.38887
-0.016447 -0.083471 -0.12537 -0.14724 -0.16485 -0.1801 -0.19379 -0.20636 -0.21806 -0.22908 -0.23953 -0.24952 -0.25911 -0.26835 -0.2773 -0.28599 -0.29444 -0.30269 -0.31076 -0.31866 -0.32642 -0.33404 -0.34154 -0.34893 -0.35622 -0.36342 -0.37053 -0.37758 -0.38456 -0.39147 -0.39834 -0.40515 -0.41192 -0.41866 -0.42536 -0.43203 -0.43868 -0.44531 -0.45193 -0.45854 -0.46514
-0.023101 -0.099997 -0.14807 -0.17315 -0.19336 -0.21086 -0.22657 -0.24099 -0.25441 -0.26705 -0.27904 -0.2905 -0.3015 -0.31211 -0.32237 -0.33234 -0.34204 -0.35151 -0.36076 -0.36983 -0.37873 -0.38747 -0.39607 -0.40455 -0.41291 -0.42117 -0.42934 -0.43742 -0.44543 -0.45336 -0.46124 -0.46905 -0.47682 -0.48455 -0.49224 -0.4999 -0.50753 -0.51513 -0.52272 -0.5303 -0.53788
-0.02958 -0.11576 -0.16964 -0.19776 -0.2204 -0.24001 -0.25762 -0.27378 -0.28883 -0.30299 -0.31644 -0.32928 -0.34161 -0.3535 -0.365 -0.37617 -0.38704 -0.39765 -0.40803 -0.41819 -0.42816 -0.43796 -0.4476 -0.4571 -0.46648 -0.47573 -0.48489 -0.49394 -0.50292 -0.51181 -0.52064 -0.5294 -0.53811 -0.54677 -0.55538 -0.56396 -0.57252 -0.58104 -0.58955 -0.59805 -0.60653
-0.035835 -0.13065 -0.18993 -0.22086 -0.24577 -0.26735 -0.28672 -0.3045 -0.32105 -0.33664 -0.35143 -0.36555 -0.37912 -0.3922 -0.40486 -0.41714 -0.42911 -0.44078 -0.45219 -0.46337 -0.47434 -0.48512 -0.49573 -0.50618 -0.51649 -0.52668 -0.53675 -0.54671 -0.55658 -0.56637 -0.57608 -0.58572 -0.5953 -0.60483 -0.61431 -0.62375 -0.63316 -0.64254 -0.6519 -0.66124 -0.67058
-0.041817 -0.14455 -0.20877 -0.24228 -0.26927 -0.29265 -0.31364 -0.3329 -0.35084 -0.36772 -0.38374 -0.39905 -0.41375 -0.42792 -0.44163 -0.45495 -0.46791 -0.48055 -0.49292 -0.50503 -0.51691 -0.52859 -0.54009 -0.55141 -0.56259 -0.57362 -0.58453 -0.59533 -0.60602 -0.61662 -0.62714 -0.63759 -0.64797 -0.65829 -0.66856 -0.67879 -0.68898 -0.69915 -0.70929 -0.71941 -0.72953
-0.047481 -0.15734 -0.22602 -0.26186 -0.29072 -0.31572 -0.33817 -0.35877 -0.37795 -0.39601 -0.41314 -0.42951 -0.44523 -0.46038 -0.47505 -0.48929 -0.50315 -0.51667 -0.52989 -0.54284 -0.55555 -0.56804 -0.58034 -0.59245 -0.6044 -0.6162 -0.62787 -0.63941 -0.65085 -0.66219 -0.67344 -0.68461 -0.69571 -0.70674 -0.71773 -0.72867 -0.73957 -0.75044 -0.76128 -0.77211 -0.78293
-0.052784 -0.16894 -0.24156 -0.27944 -0.30996 -0.3364 -0.36013 -0.38191 -0.40219 -0.42128 -0.4394 -0.4567 -0.47332 -0.48934 -0.50485 -0.5199 -0.53456 -0.54885 -0.56284 -0.57653 -0.58997 -0.60317 -0.61617 -0.62898 -0.64161 -0.65409 -0.66642 -0.67863 -0.69072 -0.70271 -0.7146 -0.72641 -0.73815 -0.74982 -0.76143 -0.773 -0.78453 -0.79602 -0.80748 -0.81893 -0.83037
-0.057685 -0.17925 -0.25525 -0.2949 -0.32684 -0.35451 -0.37935 -0.40214 -0.42336 -0.44334 -0.46231 -0.48042 -0.49781 -0.51458 -0.53081 -0.54656 -0.5619 -0.57686 -0.59149 -0.60583 -0.61989 -0.63371 -0.64731 -0.66072 -0.67394 -0.687 -0.69991 -0.71268 -0.72534 -0.73788 -0.75033 -0.76269 -0.77497 -0.78719 -0.79934 -0.81145 -0.82351 -0.83554 -0.84754 -0.85952 -0.87149
-0.062147 -0.1882 -0.267 -0.30811 -0.34123 -0.36992 -0.39567 -0.41931 -0.44132 -0.46203 -0.48169 -0.50048 -0.51851 -0.53589 -0.55272 -0.56906 -0.58496 -0.60048 -0.61565 -0.63051 -0.64509 -0.65942 -0.67353 -0.68742 -0.70113 -0.71467 -0.72806 -0.74131 -0.75443 -0.76744 -0.78035 -0.79316 -0.8059 -0.81856 -0.83117 -0.84372 -0.85622 -0.8687 -0.88114 -0.89356 -0.90598
-0.066136 -0.19571 -0.27672 -0.31898 -0.35303 -0.38252 -0.40899 -0.43328 -0.45591 -0.4772 -0.49742 -0.51672 -0.53526 -0.55313 -0.57043 -0.58722 -0.60357 -0.61952 -0.63512 -0.65039 -0.66538 -0.68011 -0.69461 -0.7089 -0.72299 -0.73691 -0.75067 -0.76429 -0.77778 -0.79115 -0.80442 -0.81759 -0.83069 -0.8437 -0.85666 -0.86956 -0.88242 -0.89524 -0.90803 -0.9208 -0.93356
-0.06962 -0.20173 -0.28433 -0.32742 -0.36213 -0.3922 -0.41919 -0.44396 -0.46703 -0.48874 -0.50935 -0.52903 -0.54793 -0.56615 -0.58379 -0.60091 -0.61758 -0.63384 -0.64975 -0.66532 -0.68061 -0.69563 -0.71041 -0.72497 -0.73934 -0.75353 -0.76756 -0.78145 -0.7952 -0.80884 -0.82236 -0.8358 -0.84915 -0.86242 -0.87563 -0.88878 -0.90189 -0.91496 -0.92801 -0.94103 -0.95404
-0.072575 -0.20622 -0.28977 -0.33336 -0.36848 -0.39889 -0.4262 -0.45125 -0.47459 -0.49655 -0.5174 -0.53731 -0.55643 -0.57487 -0.59271 -0.61003 -0.62689 -0.64334 -0.65943 -0.67518 -0.69064 -0.70584 -0.72079 -0.73553 -0.75006 -0.76442 -0.77861 -0.79266 -0.80657 -0.82036 -0.83405 -0.84764 -0.86114 -0.87457 -0.88793 -0.90124 -0.9145 -0.92772 -0.94091 -0.95409 -0.96725
-0.074976 -0.20913 -0.29301 -0.33677 -0.37202 -0.40255 -0.42996 -0.45511 -0.47854 -0.50059 -0.52151 -0.5415 -0.56069 -0.5792 -0.59711 -0.6145 -0.63142 -0.64794 -0.66408 -0.6799 -0.69542 -0.71068 -0.72569 -0.74048 -0.75507 -0.76948 -0.78373 -0.79783 -0.81179 -0.82564 -0.83938 -0.85302 -0.86657 -0.88005 -0.89347 -0.90682 -0.92014 -0.93341 -0.94665 -0.95988 -0.97309
-0.076807 -0.21046 -0.29401 -0.33761 -0.37272 -0.40314 -0.43045 -0.4555 -0.47884 -0.50081 -0.52165 -0.54157 -0.56068 -0.57912 -0.59696 -0.61429 -0.63115 -0.6476 -0.66368 -0.67944 -0.6949 -0.7101 -0.72505 -0.73979 -0.75432 -0.76868 -0.78288 -0.79692 -0.81083 -0.82463 -0.83831 -0.8519 -0.86541 -0.87883 -0.8922 -0.90551 -0.91877 -0.93199 -0.94518 -0.95836 -0.97152
-0.078053 -0.21018 -0.29278 -0.33587 -0.37059 -0.40066 -0.42765 -0.45243 -0.47549 -0.49721 -0.51782 -0.53751 -0.55641 -0.57463 -0.59227 -0.60939 -0.62606 -0.64233 -0.65823 -0.67381 -0.68909 -0.70411 -0.7189 -0.73346 -0.74784 -0.76203 -0.77606 -0.78995 -0.8037 -0.81734 -0.83086 -0.8443 -0.85765 -0.87092 -0.88413 -0.89729 -0.9104 -0.92347 -0.93652 -0.94954 -0.96255
-0.078704 -0.2083 -0.28931 -0.33158 -0.36563 -0.39513 -0.42161 -0.4459 -0.46853 -0.48983 -0.51004 -0.52935 -0.54789 -0.56577 -0.58307 -0.59986 -0.61621 -0.63216 -0.64776 -0.66304 -0.67803 -0.69277 -0.70727 -0.72155 -0.73565 -0.74957 -0.76333 -0.77695 -0.79044 -0.80382 -0.81709 -0.83026 -0.84336 -0.85638 -0.86934 -0.88224 -0.8951 -0.90792 -0.92071 -0.93349 -0.94625
-0.078756 -0.20483 -0.28365 -0.32477 -0.35789 -0.38659 -0.41235 -0.43598 -0.45799 -0.47872 -0.49838 -0.51717 -0.5352 -0.55259 -0.56942 -0.58576 -0.60167 -0.61719 -0.63236 -0.64722 -0.66181 -0.67614 -0.69025 -0.70415 -0.71786 -0.7314 -0.74479 -0.75804 -0.77117 -0.78418 -0.79709 -0.80991 -0.82265 -0.83531 -0.84792 -0.86047 -0.87298 -0.88545 -0.8979 -0.91033 -0.92274
-0.078208 -0.1998 -0.27582 -0.31548 -0.34743 -0.3751 -0.39995 -0.42274 -0.44397 -0.46396 -0.48292 -0.50104 -0.51844 -0.53521 -0.55144 -0.5672 -0.58254 -0.59751 -0.61214 -0.62648 -0.64055 -0.65437 -0.66798 -0.68138 -0.69461 -0.70767 -0.72058 -0.73336 -0.74602 -0.75857 -0.77102 -0.78338 -0.79567 -0.80788 -0.82004 -0.83215 -0.84421 -0.85625 -0.86825 -0.88023 -0.89221
-0.077064 -0.19325 -0.26589 -0.30379 -0.33432 -0.36076 -0.3845 -0.40628 -0.42657 -0.44567 -0.46379 -0.4811 -0.49772 -0.51375 -0.52926 -0.54432 -0.55898 -0.57328 -0.58726 -0.60096 -0.61441 -0.62762 -0.64061 -0.65342 -0.66606 -0.67854 -0.69088 -0.70309 -0.71519 -0.72718 -0.73908 -0.75089 -0.76263 -0.7743 -0.78592 -0.79749 -0.80902 -0.82052 -0.83199 -0.84344 -0.85488
-0.075334 -0.18523 -0.25394 -0.28978 -0.31866 -0.34367 -0.36613 -0.38673 -0.40592 -0.42398 -0.44112 -0.4575 -0.47322 -0.48838 -0.50305 -0.51729 -0.53116 -0.54469 -0.55791 -0.57087 -0.58359 -0.59608 -0.60838 -0.62049 -0.63245 -0.64425 -0.65592 -0.66747 -0.67891 -0.69025 -0.70151 -0.71268 -0.72379 -0.73483 -0.74582 -0.75676 -0.76766 -0.77854 -0.78939 -0.80022 -0.81104
-0.07303 -0.1758 -0.24005 -0.27357 -0.30058 -0.32397 -0.34496 -0.36423 -0.38218 -0.39907 -0.4151 -0.43041 -0.44511 -0.45929 -0.47301 -0.48633 -0.49929 -0.51195 -0.52431 -0.53643 -0.54832 -0.56001 -0.5715 -0.58284 -0.59401 -0.60505 -0.61597 -0.62677 -0.63747 -0.64807 -0.6586 -0.66905 -0.67943 -0.68976 -0.70003 -0.71027 -0.72046 -0.73063 -0.74078 -0.75091 -0.76103
-0.07017 -0.16503 -0.22434 -0.25528 -0.28021 -0.30179 -0.32118 -0.33896 -0.35552 -0.37112 -0.38591 -0.40005 -0.41362 -0.4267 -0.43937 -0.45166 -0.46363 -0.47531 -0.48672 -0.49791 -0.50888 -0.51967 -0.53028 -0.54074 -0.55106 -0.56125 -0.57132 -0.58129 -0.59117 -0.60096 -0.61067 -0.62032 -0.6299 -0.63943 -0.64892 -0.65836 -0.66778 -0.67716 -0.68653 -0.69588 -0.70522
-0.066776 -0.15301 -0.20692 -0.23504 -0.2577 -0.27732 -0.29494 -0.31111 -0.32617 -0.34034 -0.35379 -0.36664 -0.37897 -0.39087 -0.40238 -0.41356 -0.42444 -0.43505 -0.44543 -0.4556 -0.46557 -0.47538 -0.48502 -0.49453 -0.50391 -0.51317 -0.52233 -0.53139 -0.54037 -0.54927 -0.5581 -0.56687 -0.57558 -0.58424 -0.59286 -0.60145 -0.61001 -0.61854 -0.62705 -0.63555 -0.64404
-0.062874 -0.13982 -0.18792 -0.21302 -0.23323 -0.25075 -0.26647 -0.28089 -0.29433 -0.30697 -0.31897 -0.33044 -0.34145 -0.35206 -0.36233 -0.3723 -0.38201 -0.39148 -0.40074 -0.40981 -0.41872 -0.42746 -0.43607 -0.44456 -0.45292 -0.46119 -0.46936 -0.47745 -0.48546 -0.4934 -0.50128 -0.5091 -0.51687 -0.52461 -0.5323 -0.53996 -0.5476 -0.55521 -0.5628 -0.57039 -0.57797
-0.058494 -0.12556 -0.16749 -0.18937 -0.20699 -0.22226 -0.23596 -0.24854 -0.26025 -0.27127 -0.28173 -0.29173 -0.30132 -0.31057 -0.31953 -0.32822 -0.33668 -0.34494 -0.35301 -0.36092 -0.36868 -0.3763 -0.38381 -0.3912 -0.39849 -0.4057 -0.41282 -0.41987 -0.42685 -0.43378 -0.44064 -0.44746 -0.45424 -0.46098 -0.46768 -0.47436 -0.48102 -0.48765 -0.49427 -0.50089 -0.50749
-0.053668 -0.11036 -0.14579 -0.16429 -0.17918 -0.19208 -0.20366 -0.21429 -0.22419 -0.23351 -0.24235 -0.25079 -0.2589 -0.26672 -0.27429 -0.28164 -0.28879 -0.29577 -0.30259 -0.30927 -0.31583 -0.32228 -0.32862 -0.33487 -0.34103 -0.34712 -0.35314 -0.3591 -0.365 -0.37085 -0.37666 -0.38242 -0.38815 -0.39384 -0.39951 -0.40516 -0.41078 -0.41639 -0.42199 -0.42757 -0.43316
-0.048435 -0.094308 -0.12299 -0.13795 -0.15 -0.16044 -0.16982 -0.17842 -0.18643 -0.19397 -0.20112 -0.20796 -0.21452 -0.22085 -0.22697 -0.23292 -0.2387 -0.24435 -0.24987 -0.25528 -0.26059 -0.2658 -0.27094 -0.27599 -0.28098 -0.28591 -0.29078 -0.2956 -0.30038 -0.30511 -0.30981 -0.31448 -0.31911 -0.32372 -0.32831 -0.33287 -0.33743 -0.34196 -0.34649 -0.35101 -0.35553
-0.042833 -0.077545 -0.099246 -0.11057 -0.11969 -0.12759 -0.13468 -0.14119 -0.14725 -0.15295 -0.15837 -0.16354 -0.16851 -0.17329 -0.17793 -0.18243 -0.18681 -0.19108 -0.19526 -0.19935 -0.20337 -0.20731 -0.2112 -0.21502 -0.2188 -0.22253 -0.22621 -0.22986 -0.23348 -0.23706 -0.24061 -0.24414 -0.24765 -0.25114 -0.25461 -0.25806 -0.26151 -0.26494 -0.26837 -0.27179 -0.27521
-0.036907 -0.060194 -0.074752 -0.082348 -0.088467 -0.093767 -0.098525 -0.10289 -0.10696 -0.11078 -0.11442 -0.11789 -0.12122 -0.12443 -0.12754 -0.13056 -0.13349 -0.13636 -0.13916 -0.14191 -0.1446 -0.14725 -0.14986 -0.15242 -0.15496 -0.15746 -0.15993 -0.16238 -0.1648 -0.16721 -0.16959 -0.17196 -0.17431 -0.17665 -0.17898 -0.1813 -0.18361 -0.18591 -0.18821 -0.19051 -0.1928
-0.0307 -0.042387 -0.049694 -0.053506 -0.056576 -0.059236 -0.061624 -0.063815 -0.065856 -0.067777 -0.0696 -0.071341 -0.073013 -0.074625 -0.076185 -0.0777 -0.079174 -0.080613 -0.08202 -0.083397 -0.08475 -0.086078 -0.087386 -0.088674 -0.089946 -0.091201 -0.092442 -0.093671 -0.094887 -0.096093 -0.09729 -0.098478 -0.099659 -0.10083 -0.102 -0.10317 -0.10433 -0.10548 -0.10664 -0.10779 -0.10894
-0.024261 -0.024261 -0.024261 -0.024261 -0.024261 -0.024261 -0.024261 -0.024261 -0.024261 -0.024261 -0.024261 -0.024261 -0.024261 -0.024261 -0.024261 -0.024261 -0.024261 -0.024261 -0.024261 -0.024261 -0.024261 -0.024261 -0.024261 -0.024261 -0.024261 -0.024261 -0.024261 -0.024261 -0.024261 -0.024261 -0.024261 -0.024261 -0.024261 -0.024261 -0.024261 -0.024261 -0.024261 -0.024261 -0.024261 -0.024261 -0.024261
-0.017638 -0.0059537 0.0013513 0.0051626 0.0082328 0.010892 0.013279 0.01547 0.01751 0.019431 0.021253 0.022994 0.024666 0.026278 0.027838 0.029352 0.030826 0.032264 0.033671 0.035048 0.0364 0.037729 0.039036 0.040324 0.041595 0.04285 0.044091 0.045319 0.046536 0.047742 0.048938 0.050126 0.051307 0.052481 0.053649 0.054813 0.055972 0.057128 0.058282 0.059433 0.060584
-0.010883 0.012395 0.026947 0.03454 0.040656 0.045954 0.05071 0.055074 0.059139 0.062965 0.066596 0.070064 0.073394 0.076605 0.079712 0.082729 0.085666 0.088531 0.091333 0.094078 0.096771 0.099417 0.10202 0.10459 0.10712 0.10962 0.11209 0.11454 0.11696 0.11936 0.12175 0.12411 0.12647 0.12881 0.13113 0.13345 0.13576 0.13806 0.14036 0.14266 0.14495
-0.0040466 0.030644 0.052332 0.063648 0.072763 0.080658 0.087746 0.09425 0.10031 0.10601 0.11142 0.11659 0.12155 0.12634 0.13097 0.13546 0.13984 0.14411 0.14829 0.15238 0.15639 0.16033 0.16422 0.16804 0.17181 0.17554 0.17922 0.18287 0.18648 0.19006 0.19361 0.19714 0.20065 0.20413 0.2076 0.21105 0.2145 0.21793 0.22135 0.22477 0.22819
0.0028189 0.048656 0.077312 0.092263 0.10431 0.11474 0.1241 0.1327 0.1407 0.14823 0.15538 0.16221 0.16877 0.17509 0.18121 0.18715 0.19294 0.19858 0.2041 0.2095 0.2148 0.22001 0.22514 0.2302 0.23518 0.24011 0.24497 0.24979 0.25456 0.25929 0.26399 0.26865 0.27328 0.27788 0.28247 0.28703 0.29158 0.29611 0.30064 0.30516 0.30967
0.0096612 0.066292 0.1017 0.12017 0.13505 0.14794 0.15951 0.17012 0.18001 0.18932 0.19815 0.20659 0.21469 0.2225 0.23006 0.2374 0.24455 0.25152 0.25834 0.26501 0.27156 0.278 0.28434 0.29058 0.29674 0.30282 0.30884 0.31479 0.32069 0.32653 0.33233 0.33809 0.34381 0.3495 0.35516 0.3608 0.36642 0.37202 0.37761 0.3832 0.38877
0.016428 0.083419 0.1253 0.14715 0.16475 0.18 0.19369 0.20624 0.21794 0.22895 0.2394 0.24938 0.25897 0.26821 0.27715 0.28583 0.29428 0.30253 0.31059 0.31849 0.32624 0.33386 0.34135 0.34874 0.35603 0.36322 0.37034 0.37738 0.38435 0.39126 0.39812 0.40493 0.4117 0.41843 0.42513 0.4318 0.43845 0.44508 0.45169 0.45829 0.46489
0.023068 0.099905 0.14794 0.173 0.19319 0.21068 0.22638 0.24079 0.2542 0.26683 0.27882 0.29026 0.30126 0.31185 0.32211 0.33207 0.34176 0.35122 0.36047 0.36953 0.37842 0.38716 0.39575 0.40422 0.41258 0.42084 0.429 0.43707 0.44507 0.453 0.46087 0.46868 0.47644 0.48416 0.49185 0.4995 0.50712 0.51472 0.52231 0.52988 0.53745
0.029531 0.11563 0.16945 0.19753 0.22016 0.23975 0.25734 0.27348 0.28852 0.30267 0.3161 0.32892 0.34124 0.35312 0.36461 0.37577 0.38663 0.39723 0.40759 0.41774 0.4277 0.43749 0.44712 0.45662 0.46598 0.47523 0.48437 0.49342 0.50238 0.51127 0.52008 0.52884 0.53754 0.54619 0.5548 0.56337 0.57191 0.58043 0.58893 0.59742 0.60589
0.035768 0.13046 0.18967 0.22055 0.24544 0.26699 0.28634 0.30409 0.32062 0.33619 0.35096 0.36507 0.37862 0.39168 0.40432 0.41659 0.42854 0.4402 0.4516 0.46276 0.47372 0.48448 0.49508 0.50552 0.51582 0.52599 0.53605 0.546 0.55586 0.56563 0.57533 0.58496 0.59452 0.60404 0.61351 0.62294 0.63233 0.6417 0.65105 0.66038 0.66971
0.041731 0.14431 0.20843 0.24189 0.26884 0.29219 0.31314 0.33237 0.35028 0.36714 0.38314 0.39843 0.4131 0.42725 0.44094 0.45424 0.46718 0.4798 0.49215 0.50424 0.51611 0.52777 0.53925 0.55056 0.56172 0.57273 0.58363 0.59441 0.60509 0.61567 0.62618 0.6366 0.64697 0.65727 0.66753 0.67774 0.68792 0.69807 0.7082 0.71831 0.72841
0.047375 0.15704 0.22561 0.26138 0.2902 0.31515 0.33756 0.35812 0.37727 0.3953 0.4124 0.42874 0.44443 0.45956 0.4742 0.48842 0.50225 0.51575 0.52895 0.54188 0.55457 0.56704 0.57931 0.5914 0.60333 0.61511 0.62676 0.63828 0.6497 0.66102 0.67225 0.6834 0.69448 0.7055 0.71646 0.72738 0.73826 0.74912 0.75994 0.77075 0.78155
0.052658 0.16859 0.24106 0.27888 0.30934 0.33572 0.35941 0.38114 0.40138 0.42044 0.43852 0.45579 0.47238 0.48837 0.50384 0.51887 0.53349 0.54776 0.56172 0.57539 0.5888 0.60198 0.61495 0.62773 0.64034 0.65279 0.6651 0.67729 0.68936 0.70132 0.71319 0.72498 0.73669 0.74834 0.75993 0.77147 0.78298 0.79445 0.80589 0.81732 0.82874
0.05754 0.17884 0.25468 0.29425 0.32612 0.35373 0.37851 0.40125 0.42243 0.44237 0.46129 0.47937 0.49672 0.51345 0.52965 0.54537 0.56067 0.57561 0.59021 0.60451 0.61854 0.63233 0.64591 0.65928 0.67247 0.6855 0.69839 0.71114 0.72376 0.73628 0.7487 0.76104 0.77329 0.78548 0.79761 0.80969 0.82173 0.83373 0.8457 0.85766 0.8696
0.061984 0.18774 0.26636 0.30738 0.34042 0.36904 0.39474 0.41831 0.44027 0.46094 0.48056 0.49929 0.51728 0.53463 0.55142 0.56772 0.58358 0.59906 0.6142 0.62903 0.64358 0.65787 0.67194 0.68581 0.69949 0.713 0.72635 0.73957 0.75266 0.76564 0.77852 0.7913 0.80401 0.81664 0.82922 0.84174 0.85422 0.86666 0.87907 0.89147 0.90385
0.065956 0.19521 0.27601 0.31817 0.35213 0.38155 0.40796 0.43219 0.45476 0.476 0.49616 0.51542 0.53391 0.55174 0.569 0.58575 0.60205 0.61796 0.63352 0.64876 0.66371 0.67841 0.69287 0.70712 0.72118 0.73506 0.74879 0.76237 0.77583 0.78917 0.8024 0.81555 0.8286 0.84159 0.85452 0.86738 0.88021 0.893 0.90576 0.9185 0.93123
0.069426 0.20119 0.28357 0.32655 0.36117 0.39115 0.41808 0.44278 0.46579 0.48744 0.508 0.52763 0.54648 0.56465 0.58225 0.59932 0.61595 0.63217 0.64802 0.66356 0.6788 0.69378 0.70853 0.72305 0.73739 0.75154 0.76553 0.77938 0.7931 0.8067 0.82019 0.83359 0.8469 0.86014 0.87331 0.88643 0.89951 0.91255 0.92555 0.93854 0.95152
0.072369 0.20564 0.28897 0.33244 0.36746 0.39779 0.42502 0.45001 0.47328 0.49518 0.51597 0.53583 0.55489 0.57328 0.59107 0.60834 0.62516 0.64156 0.6576 0.67332 0.68874 0.70389 0.7188 0.73349 0.74799 0.76231 0.77646 0.79047 0.80434 0.8181 0.83174 0.84529 0.85876 0.87215 0.88548 0.89875 0.91197 0.92516 0.93832 0.95145 0.96458

-0.024261 -0.024261 -0.024261 -0.024261 -0.024261 -0.024261 -0.024261 -0.024261 -0.024261 -0.024261 -0.024261 -0.024261 -0.024261 -0.024261 -0.024261 -0.024261 -0.024261 -0.024261 -0.024261 -0.024261 -0.024261 -0.024261 -0.024261 -0.024261 -0.024261 -0.024261 -0.024261 -0.024261 -0.024261 -0.024261 -0.024261 -0.024261 -0.024261 -0.024261 -0.024261 -0.024261 -0.024261 -0.024261 -0.024261 -0.024261 -0.024261
-0.017653 -0.0059945 0.0012941 0.0050968 0.0081601 0.010813 0.013195 0.015381 0.017417 0.019333 0.021152 0.022889 0.024556 0.026165 0.027721 0.029232 0.030703 0.032138 0.033541 0.034916 0.036264 0.03759 0.038894 0.04018 0.041448 0.0427 0.043938 0.045164 0.046377 0.04758 0.048774 0.04996 0.051138 0.052309 0.053475 0.054635 0.055792 0.056946 0.058097 0.059246 0.060394
-0.010911 0.012316 0.026837 0.034413 0.040516 0.045802 0.050548 0.054903 0.058958 0.062776 0.066399 0.069859 0.073182 0.076386 0.079487 0.082497 0.085428 0.088287 0.091082 0.093821 0.096508 0.099149 0.10175 0.10431 0.10683 0.10933 0.1118 0.11424 0.11666 0.11905 0.12143 0.12379 0.12614 0.12847 0.1308 0.13311 0.13541 0.13771 0.14 0.14229 0.14458
-0.004087 0.030532 0.052174 0.063466 0.072562 0.080441 0.087514 0.094004 0.10005 0.10574 0.11114 0.1163 0.12125 0.12602 0.13065 0.13513 0.1395 0.14376 0.14793 0.15201 0.15602 0.15995 0.16382 0.16764 0.17141 0.17513 0.1788 0.18244 0.18604 0.18962 0.19316 0.19668 0.20018 0.20366 0.20712 0.21057 0.214 0.21743 0.22084 0.22426 0.22767
0.0027686 0.048515 0.077115 0.092037 0.10406 0.11447 0.12381 0.13239 0.14038 0.1479 0.15503 0.16185 0.16839 0.1747 0.18081 0.18674 0.19251 0.19814 0.20365 0.20904 0.21434 0.21954 0.22466 0.2297 0.23467 0.23959 0.24445 0.24925 0.25402 0.25874 0.26342 0.26807 0.2727 0.27729 0.28187 0.28642 0.29096 0.29549 0.3 0.30451 0.30902
0.0096036 0.066131 0.10147 0.11991 0.13476 0.14763 0.15918 0.16977 0.17964 0.18893 0.19775 0.20617 0.21426 0.22206 0.2296 0.23693 0.24406 0.25102 0.25782 0.26449 0.27103 0.27746 0.28378 0.29001 0.29616 0.30223 0.30824 0.31418 0.32006 0.3259 0.33168 0.33743 0.34314 0.34882 0.35447 0.3601 0.36571 0.3713 0.37689 0.38246 0.38802
0.016366 0.083246 0.12506 0.14687 0.16444 0.17967 0.19333 0.20587 0.21755 0.22854 0.23897 0.24893 0.2585 0.26773 0.27666 0.28532 0.29376 0.30199 0.31004 0.31793 0.32567 0.33327 0.34075 0.34813 0.3554 0.36259 0.36969 0.37672 0.38368 0.39058 0.39743 0.40423 0.41099 0.41771 0.42439 0.43105 0.43769 0.44431 0.45091 0.4575 0.46409
0.023005 0.09973 0.1477 0.17272 0.19288 0.21034 0.22602 0.2404 0.2538 0.26641 0.27838 0.28981 0.30078 0.31137 0.32161 0.33155 0.34123 0.35068 0.35991 0.36896 0.37784 0.38656 0.39514 0.4036 0.41195 0.42019 0.42834 0.4364 0.44439 0.45231 0.46016 0.46796 0.47571 0.48342 0.4911 0.49873 0.50635 0.51394 0.52151 0.52908 0.53663
0.029471 0.11546 0.16922 0.19726 0.21986 0.23943 0.25699 0.27312 0.28813 0.30226 0.31567 0.32849 0.34079 0.35265 0.36413 0.37527 0.38612 0.3967 0.40705 0.41719 0.42714 0.43692 0.44654 0.45602 0.46537 0.47461 0.48374 0.49278 0.50173 0.5106 0.51941 0.52815 0.53684 0.54548 0.55407 0.56264 0.57117 0.57968 0.58817 0.59664 0.60511
0.035713 0.13031 0.18945 0.22031 0.24517 0.26669 0.28602 0.30376 0.32028 0.33582 0.35058 0.36467 0.37821 0.39126 0.40388 0.41615 0.42808 0.43972 0.45111 0.46226 0.47321 0.48396 0.49455 0.50498 0.51527 0.52543 0.53547 0.54542 0.55526 0.56503 0.57471 0.58433 0.59389 0.6034 0.61285 0.62227 0.63166 0.64102 0.65036 0.65968 0.669
0.041685 0.14418 0.20825 0.24169 0.26862 0.29194 0.31288 0.3321 0.34999 0.36684 0.38283 0.3981 0.41276 0.4269 0.44058 0.45386 0.46679 0.47941 0.49175 0.50383 0.51569 0.52734 0.53881 0.55011 0.56126 0.57227 0.58315 0.59392 0.60459 0.61517 0.62567 0.63609 0.64644 0.65674 0.66699 0.67719 0.68736 0.6975 0.70762 0.71772 0.72782
0.047342 0.15695 0.22548 0.26123 0.29003 0.31497 0.33737 0.35792 0.37706 0.39507 0.41217 0.4285 0.44418 0.4593 0.47394 0.48814 0.50197 0.51546 0.52866 0.54158 0.55426 0.56672 0.57898 0.59107 0.60299 0.61477 0.62641 0.63793 0.64934 0.66065 0.67187 0.68302 0.69409 0.7051 0.71606 0.72698 0.73785 0.7487 0.75952 0.77032 0.78112
0.05264 0.16853 0.24099 0.27879 0.30924 0.33562 0.3593 0.38103 0.40126 0.42031 0.43839 0.45566 0.47224 0.48822 0.5037 0.51872 0.53334 0.5476 0.56155 0.57522 0.58863 0.6018 0.61477 0.62755 0.64015 0.6526 0.66491 0.67709 0.68916 0.70112 0.71298 0.72477 0.73648 0.74812 0.75971 0.77125 0.78275 0.79422 0.80566 0.81708 0.82849
0.057538 0.17884 0.25467 0.29424 0.32611 0.35372 0.3785 0.40124 0.42242 0.44236 0.46128 0.47936 0.49671 0.51344 0.52963 0.54536 0.56066 0.57559 0.59019 0.60449 0.61853 0.63232 0.64589 0.65926 0.67246 0.68549 0.69837 0.71112 0.72375 0.73626 0.74868 0.76102 0.77327 0.78546 0.79759 0.80967 0.8217 0.83371 0.84568 0.85764 0.86958
0.062 0.18779 0.26643 0.30745 0.34051 0.36913 0.39483 0.41842 0.44038 0.46105 0.48067 0.49941 0.51741 0.53476 0.55155 0.56786 0.58372 0.59921 0.61435 0.62918 0.64373 0.65803 0.67211 0.68597 0.69966 0.71317 0.72653 0.73975 0.75284 0.76582 0.7787 0.79149 0.8042 0.81684 0.82942 0.84194 0.85442 0.86687 0.87929 0.89168 0.90407
0.065992 0.19531 0.27615 0.31833 0.35231 0.38174 0.40816 0.43241 0.45499 0.47624 0.49641 0.51568 0.53418 0.55202 0.56928 0.58604 0.60236 0.61827 0.63384 0.64909 0.66405 0.67875 0.69322 0.70748 0.72154 0.73543 0.74917 0.76276 0.77622 0.78956 0.80281 0.81595 0.82902 0.84201 0.85494 0.86782 0.88065 0.89345 0.90621 0.91896 0.93169
0.069481 0.20134 0.28378 0.32679 0.36144 0.39145 0.41839 0.44312 0.46614 0.48781 0.50838 0.52803 0.54689 0.56508 0.58268 0.59978 0.61641 0.63264 0.64851 0.66406 0.67932 0.69431 0.70906 0.7236 0.73794 0.75211 0.76611 0.77997 0.7937 0.80731 0.82081 0.83422 0.84754 0.86079 0.87397 0.8871 0.90019 0.91323 0.92625 0.93925 0.95223
0.072443 0.20585 0.28925 0.33277 0.36782 0.39818 0.42544 0.45045 0.47375 0.49567 0.51648 0.53636 0.55544 0.57385 0.59166 0.60895 0.62578 0.6422 0.65826 0.67399 0.68942 0.70459 0.71951 0.73422 0.74873 0.76306 0.77723 0.79125 0.80514 0.81891 0.83257 0.84613 0.85961 0.87302 0.88636 0.89964 0.91288 0.92608 0.93925 0.9524 0.96553
0.074853 0.20879 0.29253 0.33621 0.37141 0.40189 0.42925 0.45436 0.47775 0.49976 0.52066 0.54061 0.55977 0.57825 0.59613 0.61349 0.63039 0.64687 0.66299 0.67879 0.69428 0.70951 0.72449 0.73926 0.75383 0.76822 0.78244 0.79652 0.81046 0.82428 0.838 0.85162 0.86515 0.87861 0.892 0.90533 0.91862 0.93188 0.9451 0.9583 0.97149
0.076694 0.21014 0.29357 0.3371 0.37216 0.40253 0.4298 0.45482 0.47812 0.50005 0.52087 0.54075 0.55984 0.57825 0.59606 0.61336 0.63019 0.64662 0.66268 0.67842 0.69386 0.70903 0.72396 0.73867 0.75319 0.76752 0.78169 0.79572 0.80961 0.82338 0.83705 0.85062 0.8641 0.87751 0.89085 0.90414 0.91738 0.93058 0.94376 0.95691 0.97005
0.077951 0.20989 0.29238 0.33542 0.37008 0.40011 0.42707 0.45181 0.47484 0.49653 0.51711 0.53677 0.55564 0.57384 0.59146 0.60856 0.6252 0.64145 0.65733 0.67288 0.68815 0.70315 0.71791 0.73246 0.74681 0.76098 0.77499 0.78886 0.8026 0.81621 0.82972 0.84314 0.85647 0.86973 0.88292 0.89606 0.90915 0.9222 0.93523 0.94823 0.96123
0.078614 0.20804 0.28896 0.33118 0.36519 0.39464 0.42109 0.44535 0.46795 0.48923 0.50941 0.5287 0.54721 0.56507 0.58235 0.59912 0.61545 0.63138 0.64696 0.66222 0.6772 0.69191 0.70639 0.72066 0.73474 0.74864 0.76239 0.77599 0.78947 0.80282 0.81608 0.82924 0.84231 0.85532 0.86826 0.88115 0.89399 0.9068 0.91957 0.93233 0.94508
0.078677 0.20461 0.28334 0.32442 0.35751 0.38617 0.4119 0.43551 0.45749 0.47819 0.49784 0.5166 0.53461 0.55199 0.5688 0.58512 0.60101 0.61651 0.63167 0.64651 0.66108 0.6754 0.68949 0.70337 0.71707 0.7306 0.74397 0.75721 0.77032 0.78332 0.79621 0.80901 0.82174 0.83439 0.84698 0.85952 0.87202 0.88448 0.89691 0.90932 0.92172
0.078141 0.19962 0.27556 0.31518 0.3471 0.37474 0.39956 0.42234 0.44355 0.46351 0.48246 0.50056 0.51794 0.53469 0.55091 0.56665 0.58198 0.59693 0.61155 0.62587 0.63993 0.65374 0.66733 0.68072 0.69394 0.70698 0.71989 0.73265 0.7453 0.75783 0.77027 0.78262 0.7949 0.8071 0.81925 0.83134 0.8434 0.85542 0.86741 0.87938 0.89134
0.077009 0.1931 0.26567 0.30354 0.33404 0.36046 0.38418 0.40595 0.42622 0.4453 0.46341 0.4807 0.49731 0.51332 0.52882 0.54387 0.55851 0.5728 0.58678 0.60046 0.61389 0.62709 0.64008 0.65288 0.66551 0.67798 0.69031 0.70251 0.71459 0.72657 0.73846 0.75026 0.76199 0.77366 0.78526 0.79682 0.80834 0.81983 0.83129 0.84273 0.85416
0.07529 0.18511 0.25376 0.28959 0.31844 0.34343 0.36587 0.38646 0.40563 0.42368 0.44081 0.45718 0.47289 0.48804 0.5027 0.51693 0.53078 0.5443 0.55752 0.57047 0.58317 0.59566 0.60795 0.62005 0.632 0.6438 0.65546 0.667 0.67843 0.68977 0.70101 0.71218 0.72327 0.73431 0.74529 0.75622 0.76712 0.77798 0.78883 0.79965 0.81046
0.072996 0.17571 0.23992 0.27342 0.30041 0.32378 0.34477 0.36402 0.38196 0.39884 0.41486 0.43016 0.44486 0.45902 0.47274 0.48605 0.49901 0.51165 0.52401 0.53612 0.548 0.55968 0.57117 0.5825 0.59367 0.6047 0.61561 0.6264 0.6371 0.6477 0.65821 0.66866 0.67903 0.68935 0.69962 0.70985 0.72004 0.7302 0.74034 0.75047 0.76058
0.070145 0.16496 0.22424 0.25517 0.28008 0.30166 0.32103 0.33881 0.35536 0.37095 0.38574 0.39986 0.41343 0.42651 0.43917 0.45145 0.46342 0.47509 0.4865 0.49768 0.50865 0.51943 0.53004 0.54049 0.5508 0.56099 0.57106 0.58102 0.59089 0.60068 0.61039 0.62003 0.62961 0.63914 0.64862 0.65806 0.66747 0.67685 0.68621 0.69555 0.70489
0.066759 0.15296 0.20685 0.23497 0.25762 0.27723 0.29484 0.31101 0.32606 0.34022 0.35367 0.36651 0.37884 0.39074 0.40224 0.41342 0.42429 0.4349 0.44528 0.45544 0.46541 0.47521 0.48486 0.49436 0.50374 0.513 0.52215 0.53121 0.54018 0.54908 0.55791 0.56667 0.57538 0.58404 0.59266 0.60124 0.6098 0.61832 0.62683 0.63533 0.64382
0.062864 0.13979 0.18788 0.21297 0.23318 0.25069 0.26641 0.28083 0.29426 0.3069 0.3189 0.33036 0.34137 0.35198 0.36225 0.37222 0.38192 0.39139 0.40065 0.40972 0.41862 0.42737 0.43597 0.44445 0.45282 0.46108 0.46925 0.47734 0.48535 0.49329 0.50116 0.50898 0.51676 0.52448 0.53218 0.53984 0.54747 0.55508 0.56267 0.57026 0.57783
0.058489 0.12555 0.16748 0.18935 0.20697 0.22223 0.23593 0.24851 0.26022 0.27124 0.2817 0.29169 0.30128 0.31054 0.31949 0.32818 0.33664 0.3449 0.35297 0.36087 0.36863 0.37626 0.38376 0.39115 0.39845 0.40565 0.41277 0.41982 0.4268 0.43372 0.44059 0.44741 0.45418 0.46092 0.46763 0.47431 0.48096 0.4876 0.49422 0.50083 0.50743
0.053668 0.11035 0.14579 0.16428 0.17918 0.19208 0.20366 0.21429 0.22419 0.2335 0.24235 0.25079 0.2589 0.26672 0.27429 0.28163 0.28879 0.29576 0.30259 0.30927 0.31583 0.32227 0.32862 0.33487 0.34103 0.34712 0.35314 0.3591 0.365 0.37085 0.37665 0.38242 0.38815 0.39384 0.39951 0.40515 0.41078 0.41639 0.42198 0.42757 0.43315
0.048438 0.094316 0.123 0.13796 0.15002 0.16046 0.16983 0.17843 0.18644 0.19398 0.20114 0.20798 0.21454 0.22087 0.22699 0.23294 0.23873 0.24437 0.2499 0.2553 0.26061 0.26583 0.27096 0.27602 0.28101 0.28594 0.29081 0.29563 0.30041 0.30514 0.30984 0.31451 0.31914 0.32375 0.32834 0.33291 0.33746 0.342 0.34653 0.35105 0.35557
0.042838 0.077557 0.099263 0.11059 0.11971 0.12761 0.13471 0.14121 0.14728 0.15298 0.1584 0.16357 0.16854 0.17333 0.17796 0.18246 0.18684 0.19112 0.1953 0.19939 0.20341 0.20735 0.21124 0.21507 0.21884 0.22257 0.22626 0.22991 0.23352 0.2371 0.24066 0.24419 0.2477 0.25119 0.25466 0.25812 0.26156 0.265 0.26842 0.27185 0.27526
0.036911 0.060206 0.074769 0.082368 0.088489 0.09379 0.09855 0.10292 0.10698 0.11081 0.11445 0.11792 0.12125 0.12446 0.12757 0.13059 0.13353 0.1364 0.1392 0.14195 0.14464 0.14729 0.1499 0.15247 0.155 0.1575 0.15998 0.16243 0.16485 0.16725 0.16964 0.17201 0.17436 0.1767 0.17903 0.18135 0.18366 0.18597 0.18827 0.19056 0.19286
0.030703 0.042395 0.049705 0.053519 0.056591 0.059252 0.061641 0.063833 0.065875 0.067796 0.06962 0.071362 0.073035 0.074648 0.076209 0.077724 0.079199 0.080639 0.082046 0.083424 0.084777 0.086106 0.087415 0.088704 0.089975 0.091231 0.092473 0.093702 0.094919 0.096126 0.097323 0.098512 0.099693 0.10087 0.10204 0.1032 0.10436 0.10552 0.10667 0.10783 0.10898
0.024261 0.024261 0.024261 0.024261 0.024261 0.024261 0.024261 0.024261 0.024261 0.024261 0.024261 0.024261 0.024261 0.024261 0.024261 0.024261 0.024261 0.024261 0.024261 0.024261 0.024261 0.024261 0.024261 0.024261 0.024261 0.024261 0.024261 0.024261 0.024261 0.024261 0.024261 0.024261 0.024261 0.024261 0.024261 0.024261 0.024261 0.024261 0.024261 0.024261 0.024261
0.017634 0.0059409 -0.0013692 -0.0051832 -0.0082555 -0.010917 -0.013306 -0.015498 -0.017539 -0.019461 -0.021285 -0.023027 -0.0247 -0.026313 -0.027874 -0.029389 -0.030865 -0.032304 -0.033711 -0.03509 -0.036443 -0.037772 -0.03908 -0.04037 -0.041641 -0.042897 -0.044139 -0.045368 -0.046585 -0.047792 -0.048989 -0.050178 -0.05136 -0.052535 -0.053704 -0.054868 -0.056028 -0.057185 -0.058339 -0.059492 -0.060643
0.010872 -0.012425 -0.026989 -0.034589 -0.04071 -0.046012 -0.050772 -0.05514 -0.059207 -0.063037 -0.06667 -0.070142 -0.073474 -0.076688 -0.079798 -0.082818 -0.085757 -0.088625 -0.091429 -0.094175 -0.096871 -0.099519 -0.10213 -0.10469 -0.10723 -0.10973 -0.11221 -0.11465 -0.11708 -0.11948 -0.12187 -0.12424 -0.12659 -0.12893 -0.13126 -0.13358 -0.13589 -0.1382 -0.1405 -0.14279 -0.14509
0.0040281 -0.030696 -0.052405 -0.063731 -0.072855 -0.080757 -0.087852 -0.094362 -0.10043 -0.10613 -0.11155 -0.11672 -0.12169 -0.12648 -0.13112 -0.13562 -0.14 -0.14427 -0.14845 -0.15254 -0.15656 -0.16051 -0.16439 -0.16822 -0.172 -0.17573 -0.17942 -0.18307 -0.18668 -0.19027 -0.19382 -0.19735 -0.20086 -0.20435 -0.20782 -0.21128 -0.21472 -0.21816 -0.22159 -0.22501 -0.22843
-0.0028468 -0.048734 -0.077421 -0.092388 -0.10445 -0.11489 -0.12426 -0.13287 -0.14088 -0.14842 -0.15558 -0.16241 -0.16898 -0.17531 -0.18143 -0.18738 -0.19317 -0.19882 -0.20434 -0.20975 -0.21506 -0.22028 -0.22541 -0.23047 -0.23546 -0.24039 -0.24526 -0.25009 -0.25486 -0.2596 -0.2643 -0.26896 -0.2736 -0.27821 -0.2828 -0.28737 -0.29192 -0.29646 -0.30099 -0.30551 -0.31003
-0.0097 -0.0664 -0.10185 -0.12034 -0.13524 -0.14814 -0.15973 -0.17036 -0.18026 -0.18958 -0.19842 -0.20687 -0.21498 -0.2228 -0.23037 -0.23772 -0.24487 -0.25185 -0.25868 -0.26536 -0.27192 -0.27837 -0.28471 -0.29096 -0.29713 -0.30322 -0.30924 -0.3152 -0.32111 -0.32696 -0.33276 -0.33853 -0.34426 -0.34995 -0.35562 -0.36127 -0.36689 -0.3725 -0.3781 -0.38369 -0.38927
-0.016479 -0.08356 -0.1255 -0.14738 -0.165 -0.18027 -0.19398 -0.20655 -0.21827 -0.22929 -0.23976 -0.24975 -0.25935 -0.2686 -0.27755 -0.28625 -0.29471 -0.30297 -0.31104 -0.31895 -0.32671 -0.33434 -0.34185 -0.34924 -0.35654 -0.36374 -0.37087 -0.37792 -0.3849 -0.39182 -0.39869 -0.40551 -0.41229 -0.41903 -0.42574 -0.43242 -0.43907 -0.44571 -0.45233 -0.45895 -0.46555
-0.023132 -0.10008 -0.14819 -0.17329 -0.19351 -0.21102 -0.22675 -0.24117 -0.25461 -0.26726 -0.27926 -0.29073 -0.30173 -0.31235 -0.32262 -0.3326 -0.3423 -0.35178 -0.36104 -0.37011 -0.37901 -0.38776 -0.39637 -0.40486 -0.41323 -0.42149 -0.42966 -0.43775 -0.44576 -0.4537 -0.46158 -0.46941 -0.47718 -0.48491 -0.49261 -0.50027 -0.50791 -0.51552 -0.52312 -0.5307 -0.53828
-0.029609 -0.11584 -0.16976 -0.19789 -0.22054 -0.24017 -0.25779 -0.27396 -0.28901 -0.30319 -0.31664 -0.32949 -0.34182 -0.35372 -0.36523 -0.37641 -0.38729 -0.3979 -0.40828 -0.41845 -0.42843 -0.43823 -0.44788 -0.45739 -0.46677 -0.47603 -0.48519 -0.49425 -0.50323 -0.51213 -0.52096 -0.52973 -0.53844 -0.5471 -0.55573 -0.56431 -0.57287 -0.5814 -0.58992 -0.59842 -0.60691
-0.03586 -0.13072 -0.19003 -0.22097 -0.2459 -0.26748 -0.28687 -0.30465 -0.32121 -0.33681 -0.3516 -0.36574 -0.37931 -0.39239 -0.40506 -0.41735 -0.42932 -0.441 -0.45241 -0.4636 -0.47457 -0.48536 -0.49597 -0.50643 -0.51675 -0.52694 -0.53701 -0.54698 -0.55686 -0.56665 -0.57636 -0.58601 -0.59559 -0.60512 -0.61461 -0.62405 -0.63347 -0.64285 -0.65222 -0.66157 -0.67091
-0.041838 -0.1446 -0.20885 -0.24237 -0.26937 -0.29276 -0.31376 -0.33302 -0.35097 -0.36786 -0.38389 -0.3992 -0.4139 -0.42808 -0.4418 -0.45511 -0.46808 -0.48073 -0.4931 -0.50521 -0.5171 -0.52879 -0.54028 -0.55161 -0.56279 -0.57383 -0.58475 -0.59555 -0.60624 -0.61685 -0.62737 -0.63782 -0.6482 -0.65853 -0.66881 -0.67904 -0.68923 -0.6994 -0.70955 -0.71968 -0.7298
-0.047496 -0.15738 -0.22608 -0.26192 -0.2908 -0.3158 -0.33826 -0.35886 -0.37804 -0.3961 -0.41325 -0.42962 -0.44534 -0.4605 -0.47517 -0.48941 -0.50327 -0.5168 -0.53002 -0.54298 -0.55569 -0.56818 -0.58048 -0.59259 -0.60455 -0.61635 -0.62802 -0.63957 -0.65101 -0.66235 -0.6736 -0.68477 -0.69588 -0.70692 -0.7179 -0.72885 -0.73975 -0.75062 -0.76147 -0.7723 -0.78312
-0.052792 -0.16896 -0.24159 -0.27948 -0.31 -0.33644 -0.36018 -0.38196 -0.40224 -0.42133 -0.43945 -0.45676 -0.47338 -0.4894 -0.50491 -0.51997 -0.53463 -0.54893 -0.56291 -0.5766 -0.59004 -0.60325 -0.61625 -0.62906 -0.64169 -0.65417 -0.66651 -0.67872 -0.69081 -0.7028 -0.71469 -0.72651 -0.73824 -0.74992 -0.76153 -0.7731 -0.78463 -0.79612 -0.80759 -0.81904 -0.83048
-0.057686 -0.17925 -0.25525 -0.2949 -0.32685 -0.35451 -0.37935 -0.40214 -0.42337 -0.44335 -0.46231 -0.48042 -0.49781 -0.51458 -0.53081 -0.54657 -0.5619 -0.57687 -0.5915 -0.60583 -0.6199 -0.63372 -0.64732 -0.66072 -0.67395 -0.687 -0.69991 -0.71269 -0.72535 -0.73789 -0.75034 -0.7627 -0.77498 -0.7872 -0.79935 -0.81146 -0.82352 -0.83555 -0.84755 -0.85953 -0.8715
-0.06214 -0.18818 -0.26697 -0.30808 -0.3412 -0.36988 -0.39563 -0.41926 -0.44127 -0.46198 -0.48164 -0.50042 -0.51845 -0.53584 -0.55266 -0.569 -0.5849 -0.60041 -0.61558 -0.63044 -0.64503 -0.65935 -0.67346 -0.68735 -0.70106 -0.7146 -0.72799 -0.74123 -0.75435 -0.76736 -0.78026 -0.79308 -0.80581 -0.81848 -0.83108 -0.84363 -0.85614 -0.86861 -0.88105 -0.89347 -0.90588
-0.06612 -0.19567 -0.27665 -0.31891 -0.35295 -0.38243 -0.4089 -0.43319 -0.45581 -0.4771 -0.49731 -0.51661 -0.53514 -0.55301 -0.5703 -0.58709 -0.60344 -0.61938 -0.63498 -0.65025 -0.66524 -0.67996 -0.69446 -0.70874 -0.72283 -0.73675 -0.75051 -0.76412 -0.77761 -0.79098 -0.80424 -0.81741 -0.8305 -0.84352 -0.85647 -0.86937 -0.88222 -0.89504 -0.90783 -0.9206 -0.93336
-0.069596 -0.20166 -0.28423 -0.32731 -0.36201 -0.39206 -0.41905 -0.44381 -0.46687 -0.48858 -0.50918 -0.52885 -0.54775 -0.56596 -0.58359 -0.60071 -0.61737 -0.63363 -0.64953 -0.6651 -0.68038 -0.69539 -0.71017 -0.72473 -0.73909 -0.75328 -0.76731 -0.78119 -0.79493 -0.80856 -0.82209 -0.83552 -0.84886 -0.86213 -0.87533 -0.88848 -0.90159 -0.91466 -0.92769 -0.94071 -0.95372
-0.072541 -0.20612 -0.28964 -0.33321 -0.36831 -0.39871 -0.426 -0.45105 -0.47437 -0.49633 -0.51717 -0.53707 -0.55618 -0.5746 -0.59244 -0.60975 -0.6266 -0.64305 -0.65913 -0.67488 -0.69033 -0.70552 -0.72046 -0.73519 -0.74972 -0.76407 -0.77826 -0.7923 -0.8062 -0.81999 -0.83367 -0.84725 -0.86075 -0.87417 -0.88753 -0.90083 -0.91408 -0.9273 -0.94049 -0.95365 -0.96681
-0.074933 -0.20901 -0.29284 -0.33657 -0.3718 -0.40232 -0.42971 -0.45485 -0.47826 -0.5003 -0.52121 -0.54119 -0.56037 -0.57887 -0.59677 -0.61414 -0.63106 -0.64756 -0.6637 -0.67951 -0.69502 -0.71027 -0.72527 -0.74005 -0.75463 -0.76904 -0.78328 -0.79737 -0.81133 -0.82516 -0.83889 -0.85253 -0.86607 -0.87955 -0.89295 -0.9063 -0.91961 -0.93287 -0.94611 -0.95933 -0.97253
-0.076755 -0.21031 -0.29381 -0.33737 -0.37246 -0.40286 -0.43015 -0.45519 -0.47851 -0.50046 -0.52129 -0.54119 -0.56029 -0.57872 -0.59655 -0.61386 -0.63071 -0.64715 -0.66322 -0.67897 -0.69442 -0.7096 -0.72455 -0.73927 -0.7538 -0.76815 -0.78233 -0.79637 -0.81027 -0.82405 -0.83773 -0.85131 -0.8648 -0.87822 -0.89158 -0.90487 -0.91813 -0.93134 -0.94452 -0.95769 -0.97084
-0.077992 -0.21001 -0.29254 -0.3356 -0.37029 -0.40033 -0.4273 -0.45205 -0.47511 -0.4968 -0.5174 -0.53706 -0.55595 -0.57416 -0.59178 -0.60889 -0.62555 -0.6418 -0.65769 -0.67325 -0.68853 -0.70354 -0.71831 -0.73286 -0.74722 -0.7614 -0.77542 -0.7893 -0.80304 -0.81666 -0.83018 -0.8436 -0.85694 -0.87021 -0.88341 -0.89655 -0.90965 -0.92271 -0.93575 -0.94876 -0.96176
-0.078635 -0.2081 -0.28904 -0.33127 -0.36529 -0.39476 -0.42121 -0.44548 -0.46809 -0.48937 -0.50956 -0.52885 -0.54737 -0.56523 -0.58252 -0.59929 -0.61563 -0.63157 -0.64715 -0.66241 -0.67739 -0.69211 -0.7066 -0.72087 -0.73495 -0.74886 -0.76261 -0.77622 -0.78969 -0.80306 -0.81631 -0.82948 -0.84256 -0.85557 -0.86851 -0.8814 -0.89425 -0.90706 -0.91984 -0.9326 -0.94535
-0.078679 -0.20461 -0.28335 -0.32442 -0.35751 -0.38617 -0.41191 -0.43552 -0.4575 -0.4782 -0.49785 -0.51661 -0.53463 -0.552 -0.56881 -0.58513 -0.60102 -0.61652 -0.63168 -0.64653 -0.6611 -0.67542 -0.68951 -0.70339 -0.71709 -0.73062 -0.74399 -0.75723 -0.77034 -0.78333 -0.79623 -0.80903 -0.82176 -0.83441 -0.847 -0.85954 -0.87204 -0.8845 -0.89693 -0.90935 -0.92175
-0.078125 -0.19957 -0.27549 -0.31511 -0.34702 -0.37466 -0.39947 -0.42224 -0.44344 -0.4634 -0.48235 -0.50044 -0.51781 -0.53457 -0.55078 -0.56652 -0.58184 -0.59679 -0.61141 -0.62573 -0.63978 -0.65358 -0.66717 -0.68056 -0.69377 -0.70682 -0.71971 -0.73248 -0.74512 -0.75765 -0.77009 -0.78244 -0.79471 -0.80691 -0.81905 -0.83115 -0.8432 -0.85521 -0.8672 -0.87917 -0.89113
-0.076976 -0.19301 -0.26555 -0.30339 -0.33388 -0.36029 -0.38399 -0.40575 -0.42601 -0.44508 -0.46318 -0.48046 -0.49706 -0.51307 -0.52856 -0.5436 -0.55824 -0.57252 -0.58648 -0.60016 -0.61359 -0.62678 -0.63976 -0.65255 -0.66518 -0.67764 -0.68996 -0.70216 -0.71424 -0.72621 -0.73809 -0.74989 -0.76161 -0.77327 -0.78487 -0.79643 -0.80794 -0.81942 -0.83087 -0.84231 -0.85374
-0.075243 -0.18498 -0.25358 -0.28937 -0.31821 -0.34318 -0.3656 -0.38617 -0.40533 -0.42337 -0.44049 -0.45684 -0.47253 -0.48767 -0.50232 -0.51654 -0.53039 -0.5439 -0.5571 -0.57004 -0.58274 -0.59521 -0.60749 -0.61959 -0.63152 -0.64331 -0.65497 -0.6665 -0.67792 -0.68925 -0.70048 -0.71164 -0.72273 -0.73375 -0.74473 -0.75565 -0.76654 -0.7774 -0.78823 -0.79905 -0.80985
-0.072937 -0.17554 -0.23969 -0.27316 -0.30012 -0.32347 -0.34443 -0.36367 -0.38158 -0.39845 -0.41445 -0.42974 -0.44442 -0.45857 -0.47227 -0.48557 -0.49851 -0.51114 -0.52349 -0.53559 -0.54746 -0.55912 -0.5706 -0.58192 -0.59308 -0.6041 -0.615 -0.62578 -0.63646 -0.64705 -0.65756 -0.66799 -0.67836 -0.68866 -0.69892 -0.70914 -0.71932 -0.72947 -0.7396 -0.74972 -0.75982
-0.070078 -0.16477 -0.22398 -0.25486 -0.27975 -0.3013 -0.32065 -0.3384 -0.35493 -0.3705 -0.38527 -0.39938 -0.41293 -0.42599 -0.43863 -0.4509 -0.46285 -0.47451 -0.48591 -0.49707 -0.50803 -0.51879 -0.52939 -0.53983 -0.55013 -0.5603 -0.57036 -0.58031 -0.59017 -0.59994 -0.60964 -0.61927 -0.62883 -0.63835 -0.64782 -0.65725 -0.66664 -0.67601 -0.68536 -0.69469 -0.70402
-0.066687 -0.15276 -0.20657 -0.23464 -0.25726 -0.27684 -0.29443 -0.31057 -0.32559 -0.33974 -0.35317 -0.36599 -0.3783 -0.39018 -0.40167 -0.41282 -0.42368 -0.43427 -0.44463 -0.45478 -0.46474 -0.47452 -0.48415 -0.49364 -0.50301 -0.51225 -0.52139 -0.53044 -0.5394 -0.54828 -0.55709 -0.56585 -0.57454 -0.58319 -0.5918 -0.60037 -0.60891 -0.61742 -0.62592 -0.6344 -0.64288
-0.06279 -0.13958 -0.18759 -0.21264 -0.23281 -0.25029 -0.26598 -0.28038 -0.29379 -0.30641 -0.31839 -0.32983 -0.34081 -0.3514 -0.36166 -0.37161 -0.3813 -0.39075 -0.39999 -0.40905 -0.41793 -0.42666 -0.43525 -0.44372 -0.45207 -0.46032 -0.46848 -0.47655 -0.48454 -0.49247 -0.50033 -0.50814 -0.5159 -0.52361 -0.53129 -0.53894 -0.54656 -0.55415 -0.56173 -0.5693 -0.57687
-0.058416 -0.12535 -0.16719 -0.18902 -0.20661 -0.22184 -0.23552 -0.24807 -0.25975 -0.27075 -0.28119 -0.29117 -0.30074 -0.30997 -0.31891 -0.32758 -0.33603 -0.34427 -0.35232 -0.36021 -0.36796 -0.37557 -0.38306 -0.39043 -0.39771 -0.4049 -0.41201 -0.41905 -0.42601 -0.43292 -0.43978 -0.44658 -0.45334 -0.46007 -0.46676 -0.47343 -0.48007 -0.48669 -0.4933 -0.49989 -0.50648
-0.0536 -0.11017 -0.14553 -0.16398 -0.17884 -0.19171 -0.20327 -0.21388 -0.22375 -0.23305 -0.24187 -0.2503 -0.25839 -0.2662 -0.27375 -0.28108 -0.28822 -0.29518 -0.30199 -0.30866 -0.3152 -0.32163 -0.32796 -0.3342 -0.34035 -0.34642 -0.35243 -0.35838 -0.36427 -0.3701 -0.3759 -0.38165 -0.38736 -0.39304 -0.3987 -0.40433 -0.40995 -0.41554 -0.42113 -0.4267 -0.43227
-0.048378 -0.09415 -0.12277 -0.13769 -0.14972 -0.16014 -0.16949 -0.17807 -0.18606 -0.19359 -0.20073 -0.20755 -0.21409 -0.22041 -0.22652 -0.23245 -0.23823 -0.24386 -0.24937 -0.25477 -0.26006 -0.26526 -0.27039 -0.27543 -0.28041 -0.28533 -0.29019 -0.295 -0.29976 -0.30449 -0.30917 -0.31383 -0.31845 -0.32305 -0.32763 -0.33219 -0.33673 -0.34126 -0.34577 -0.35029 -0.35479
-0.042789 -0.077422 -0.099074 -0.11037 -0.11947 -0.12735 -0.13443 -0.14092 -0.14697 -0.15266 -0.15806 -0.16322 -0.16818 -0.17296 -0.17758 -0.18207 -0.18644 -0.1907 -0.19487 -0.19895 -0.20296 -0.2069 -0.21077 -0.21459 -0.21836 -0.22208 -0.22575 -0.22939 -0.233 -0.23657 -0.24012 -0.24364 -0.24714 -0.25062 -0.25408 -0.25753 -0.26097 -0.26439 -0.26781 -0.27123 -0.27464
-0.036877 -0.060111 -0.074636 -0.082214 -0.088319 -0.093606 -0.098353 -0.10271 -0.10677 -0.11058 -0.11421 -0.11767 -0.12099 -0.1242 -0.1273 -0.13031 -0.13324 -0.1361 -0.1389 -0.14164 -0.14433 -0.14697 -0.14957 -0.15213 -0.15466 -0.15715 -0.15962 -0.16206 -0.16448 -0.16688 -0.16926 -0.17162 -0.17397 -0.1763 -0.17862 -0.18094 -0.18324 -0.18554 -0.18784 -0.19013 -0.19241
-0.030685 -0.042345 -0.049635 -0.053438 -0.056502 -0.059155 -0.061538 -0.063724 -0.06576 -0.067676 -0.069495 -0.071232 -0.0729 -0.074509 -0.076065 -0.077577 -0.079048 -0.080483 -0.081886 -0.083261 -0.08461 -0.085936 -0.08724 -0.088526 -0.089794 -0.091047 -0.092285 -0.09351 -0.094724 -0.095928 -0.097122 -0.098307 -0.099485 -0.10066 -0.10182 -0.10298 -0.10414 -0.10529 -0.10645 -0.10759 -0.10874

0.0059689 0.016649 0.023326 0.02681 0.029616 0.032047 0.034229 0.036231 0.038096 0.039852 0.041518 0.043109 0.044637 0.04611 0.047536 0.04892 0.050268 0.051582 0.052868 0.054127 0.055363 0.056577 0.057772 0.058949 0.060111 0.061258 0.062393 0.063515 0.064627 0.065729 0.066823 0.067909 0.068988 0.070061 0.071129 0.072192 0.073252 0.074309 0.075363 0.076416 0.077468
0.0060275 0.016813 0.023555 0.027073 0.029907 0.032362 0.034565 0.036587 0.038471 0.040243 0.041926 0.043532 0.045075 0.046563 0.048003 0.049401 0.050761 0.052089 0.053387 0.054659 0.055907 0.057133 0.05834 0.059529 0.060702 0.06186 0.063006 0.064139 0.065262 0.066375 0.067479 0.068576 0.069666 0.070749 0.071828 0.072902 0.073972 0.075039 0.076104 0.077167 0.078229
0.0060702 0.016932 0.023722 0.027265 0.030119 0.032591 0.03481 0.036846 0.038743 0.040528 0.042222 0.043841 0.045394 0.046893 0.048343 0.04975 0.051121 0.052458 0.053765 0.055046 0.056302 0.057537 0.058752 0.05995 0.061131 0.062298 0.063452 0.064593 0.065724 0.066845 0.067957 0.069061 0.070159 0.07125 0.072336 0.073418 0.074495 0.07557 0.076642 0.077713 0.078782
0.0060965 0.017005 0.023825 0.027383 0.03025 0.032732 0.034961 0.037006 0.038911 0.040704 0.042406 0.044031 0.045591 0.047096 0.048553 0.049966 0.051343 0.052685 0.053998 0.055285 0.056547 0.057787 0.059007 0.06021 0.061397 0.062568 0.063727 0.064873 0.066009 0.067135 0.068252 0.069361 0.070463 0.071559 0.07265 0.073736 0.074819 0.075898 0.076975 0.07805 0.079124
0.0061064 0.017033 0.023864 0.027428 0.030298 0.032785 0.035018 0.037066 0.038974 0.04077 0.042474 0.044102 0.045665 0.047172 0.048631 0.050047 0.051426 0.05277 0.054086 0.055374 0.056638 0.05788 0.059103 0.060307 0.061496 0.062669 0.06383 0.064978 0.066116 0.067243 0.068362 0.069473 0.070577 0.071675 0.072767 0.073855 0.074939 0.07602 0.077099 0.078176 0.079252
0.0060996 0.017014 0.023837 0.027397 0.030265 0.032749 0.034979 0.037025 0.038931 0.040725 0.042427 0.044053 0.045615 0.04712 0.048577 0.049992 0.051369 0.052712 0.054026 0.055313 0.056575 0.057816 0.059037 0.060241 0.061428 0.0626 0.063759 0.064906 0.066043 0.067169 0.068287 0.069396 0.070499 0.071596 0.072687 0.073774 0.074857 0.075937 0.077014 0.07809 0.079165
0.0060764 0.016949 0.023746 0.027293 0.03015 0.032624 0.034845 0.036884 0.038782 0.040569 0.042265 0.043885 0.045441 0.04694 0.048392 0.049801 0.051173 0.052511 0.05382 0.055102 0.056359 0.057596 0.058812 0.060011 0.061193 0.062361 0.063516 0.064659 0.065791 0.066913 0.068026 0.069132 0.07023 0.071322 0.07241 0.073492 0.074571 0.075647 0.07672 0.077792 0.078863
0.0060367 0.016838 0.023591 0.027115 0.029953 0.032411 0.034618 0.036643 0.038529 0.040305 0.04199 0.043599 0.045144 0.046634 0.048076 0.049476 0.050839 0.052169 0.053469 0.054742 0.055992 0.05722 0.058429 0.059619 0.060794 0.061955 0.063102 0.064237 0.065362 0.066476 0.067582 0.068681 0.069772 0.070857 0.071937 0.073013 0.074085 0.075153 0.07622 0.077285 0.078348
0.005981 0.016683 0.023374 0.026865 0.029677 0.032112 0.034299 0.036305 0.038174 0.039933 0.041602 0.043197 0.044728 0.046204 0.047633 0.04902 0.05037 0.051687 0.052975 0.054237 0.055475 0.056692 0.05789 0.05907 0.060234 0.061383 0.06252 0.063645 0.064759 0.065863 0.066959 0.068047 0.069128 0.070204 0.071274 0.072339 0.073401 0.07446 0.075517 0.076572 0.077625
0.0059097 0.016484 0.023095 0.026544 0.029323 0.031729 0.03389 0.035872 0.037719 0.039457 0.041106 0.042682 0.044194 0.045653 0.047065 0.048435 0.049769 0.051071 0.052344 0.053591 0.054814 0.056016 0.057199 0.058365 0.059515 0.060651 0.061774 0.062886 0.063986 0.065078 0.06616 0.067236 0.068304 0.069367 0.070424 0.071477 0.072526 0.073572 0.074616 0.075659 0.0767
0.0058233 0.016243 0.022757 0.026156 0.028894 0.031265 0.033394 0.035348 0.037167 0.03888 0.040505 0.042058 0.043548 0.044985 0.046377 0.047727 0.049042 0.050324 0.051578 0.052807 0.054012 0.055197 0.056363 0.057512 0.058645 0.059764 0.060871 0.061966 0.063051 0.064126 0.065193 0.066252 0.067305 0.068352 0.069394 0.070432 0.071465 0.072496 0.073525 0.074552 0.075578
0.0057224 0.015962 0.022363 0.025703 0.028394 0.030724 0.032816 0.034736 0.036523 0.038206 0.039804 0.041329 0.042794 0.044206 0.045573 0.0469 0.048192 0.049453 0.050685 0.051892 0.053077 0.054241 0.055387 0.056516 0.057629 0.058729 0.059817 0.060893 0.061959 0.063015 0.064064 0.065105 0.06614 0.067168 0.068192 0.069212 0.070228 0.071241 0.072252 0.073261 0.074269
0.0056079 0.015642 0.021916 0.025189 0.027825 0.030109 0.032159 0.03404 0.035792 0.037442 0.039007 0.040502 0.041937 0.043322 0.044661 0.045962 0.047228 0.048463 0.049671 0.050854 0.052014 0.053155 0.054278 0.055384 0.056476 0.057554 0.058619 0.059674 0.060719 0.061754 0.062782 0.063802 0.064816 0.065824 0.066827 0.067826 0.068822 0.069815 0.070805 0.071795 0.072783
0.0054806 0.015287 0.021418 0.024617 0.027193 0.029425 0.031429 0.033267 0.03498 0.036591 0.038121 0.039582 0.040985 0.042338 0.043647 0.044918 0.046155 0.047362 0.048543 0.049699 0.050833 0.051948 0.053045 0.054127 0.055193 0.056247 0.057288 0.058319 0.05934 0.060352 0.061356 0.062353 0.063344 0.064329 0.06531 0.066286 0.067259 0.068229 0.069198 0.070164 0.07113
0.0053414 0.014899 0.020874 0.023991 0.026503 0.028678 0.03063 0.032422 0.034091 0.035662 0.037153 0.038577 0.039944 0.041262 0.042538 0.043777 0.044983 0.046159 0.04731 0.048437 0.049542 0.050629 0.051698 0.052752 0.053791 0.054818 0.055833 0.056838 0.057833 0.058819 0.059798 0.060769 0.061735 0.062695 0.063651 0.064603 0.065551 0.066497 0.06744 0.068382 0.069323
0.0051914 0.01448 0.020288 0.023318 0.025758 0.027872 0.02977 0.031512 0.033134 0.034661 0.03611 0.037494 0.038822 0.040104 0.041344 0.042548 0.04372 0.044863 0.045981 0.047076 0.048151 0.049207 0.050246 0.051271 0.052281 0.053279 0.054265 0.055242 0.056209 0.057167 0.058118 0.059063 0.060001 0.060935 0.061864 0.062788 0.06371 0.064629 0.065546 0.066462 0.067377
0.0050317 0.014035 0.019664 0.022601 0.024966 0.027015 0.028855 0.030543 0.032115 0.033595 0.034999 0.036341 0.037629 0.038871 0.040073 0.041239 0.042375 0.043484 0.044567 0.045629 0.04667 0.047694 0.048701 0.049694 0.050673 0.05164 0.052597 0.053543 0.05448 0.055409 0.056331 0.057247 0.058156 0.059061 0.059961 0.060858 0.061751 0.062642 0.063531 0.064418 0.065305
0.0048636 0.013566 0.019007 0.021846 0.024132 0.026113 0.027891 0.029523 0.031042 0.032473 0.03383 0.035127 0.036372 0.037572 0.038734 0.039862 0.04096 0.042031 0.043078 0.044105 0.045111 0.046101 0.047074 0.048034 0.048981 0.049915 0.05084 0.051754 0.05266 0.053558 0.054449 0.055334 0.056214 0.057088 0.057958 0.058825 0.059688 0.060549 0.061408 0.062266 0.063123
0.0046884 0.013078 0.018322 0.021059 0.023263 0.025172 0.026886 0.028459 0.029924 0.031302 0.032611 0.033861 0.035061 0.036218 0.037338 0.038426 0.039484 0.040517 0.041526 0.042515 0.043486 0.04444 0.045378 0.046303 0.047216 0.048117 0.049008 0.049889 0.050763 0.051629 0.052488 0.053341 0.054188 0.055031 0.05587 0.056705 0.057538 0.058368 0.059196 0.060023 0.060849
0.0045073 0.012572 0.017615 0.020245 0.022364 0.0242 0.025848 0.02736 0.028768 0.030093 0.031351 0.032553 0.033707 0.034819 0.035896 0.036941 0.037959 0.038952 0.039922 0.040873 0.041806 0.042723 0.043626 0.044515 0.045392 0.046258 0.047115 0.047963 0.048802 0.049634 0.05046 0.05128 0.052095 0.052906 0.053712 0.054515 0.055315 0.056113 0.056909 0.057704 0.058499
0.0043218 0.012055 0.016889 0.019412 0.021444 0.023204 0.024784 0.026233 0.027584 0.028855 0.030061 0.031213 0.032319 0.033386 0.034419 0.035421 0.036396 0.037348 0.038279 0.039191 0.040085 0.040965 0.04183 0.042682 0.043524 0.044354 0.045176 0.045988 0.046793 0.047591 0.048383 0.049169 0.049951 0.050728 0.051501 0.052271 0.053038 0.053803 0.054567 0.055329 0.056091
0.0041332 0.011529 0.016152 0.018565 0.020508 0.022191 0.023702 0.025089 0.02638 0.027596 0.028749 0.029851 0.030909 0.031929 0.032917 0.033875 0.034808 0.035719 0.036609 0.037481 0.038336 0.039177 0.040005 0.04082 0.041624 0.042419 0.043204 0.043982 0.044751 0.045515 0.046272 0.047024 0.047771 0.048514 0.049254 0.04999 0.050724 0.051456 0.052186 0.052915 0.053643
0.003943 0.010998 0.015409 0.017711 0.019564 0.02117 0.022612 0.023934 0.025166 0.026326 0.027426 0.028478 0.029487 0.03046 0.031402 0.032316 0.033206 0.034075 0.034924 0.035756 0.036572 0.037374 0.038164 0.038942 0.039709 0.040467 0.041216 0.041958 0.042692 0.04342 0.044143 0.04486 0.045573 0.046282 0.046987 0.04769 0.04839 0.049088 0.049784 0.05048 0.051175
0.0037527 0.010467 0.014665 0.016856 0.01862 0.020148 0.02152 0.022779 0.023951 0.025055 0.026102 0.027103 0.028063 0.02899 0.029886 0.030756 0.031603 0.03243 0.033238 0.03403 0.034807 0.03557 0.036321 0.037062 0.037792 0.038513 0.039226 0.039932 0.040631 0.041324 0.042012 0.042694 0.043373 0.044048 0.044719 0.045388 0.046054 0.046718 0.047381 0.048043 0.048704
0.0035636 0.00994 0.013926 0.016006 0.017682 0.019133 0.020436 0.021631 0.022745 0.023793 0.024787 0.025737 0.026649 0.027529 0.02838 0.029207 0.030011 0.030796 0.031564 0.032315 0.033053 0.033778 0.034491 0.035194 0.035888 0.036573 0.03725 0.03792 0.038584 0.039242 0.039895 0.040543 0.041188 0.041828 0.042466 0.043101 0.043734 0.044364 0.044994 0.045622 0.04625
0.0033773 0.0094203 0.013198 0.015169 0.016757 0.018132 0.019367 0.0205 0.021555 0.022549 0.023491 0.024392 0.025256 0.02609 0.026896 0.02768 0.028442 0.029186 0.029913 0.030626 0.031325 0.032012 0.032688 0.033354 0.034012 0.034661 0.035302 0.035938 0.036567 0.03719 0.037809 0.038424 0.039034 0.039641 0.040246 0.040847 0.041447 0.042045 0.042641 0.043237 0.043832
0.0031951 0.0089121 0.012486 0.014351 0.015853 0.017154 0.018322 0.019394 0.020393 0.021332 0.022224 0.023076 0.023894 0.024682 0.025445 0.026186 0.026908 0.027611 0.0283 0.028974 0.029635 0.030285 0.030925 0.031555 0.032177 0.032791 0.033398 0.033999 0.034594 0.035184 0.03577 0.036351 0.036928 0.037503 0.038075 0.038644 0.039211 0.039777 0.040341 0.040905 0.041468
0.0030184 0.0084194 0.011796 0.013558 0.014977 0.016206 0.017309 0.018322 0.019265 0.020153 0.020995 0.0218 0.022573 0.023318 0.024039 0.024739 0.02542 0.026085 0.026735 0.027372 0.027997 0.028611 0.029215 0.02981 0.030398 0.030978 0.031552 0.032119 0.032682 0.033239 0.033792 0.034341 0.034887 0.035429 0.03597 0.036507 0.037043 0.037578 0.038111 0.038643 0.039175
0.0028487 0.0079459 0.011133 0.012795 0.014135 0.015295 0.016336 0.017292 0.018182 0.019019 0.019815 0.020574 0.021303 0.022006 0.022687 0.023347 0.02399 0.024618 0.025231 0.025832 0.026422 0.027002 0.027572 0.028134 0.028688 0.029236 0.029777 0.030313 0.030844 0.03137 0.031892 0.03241 0.032925 0.033437 0.033947 0.034454 0.03496 0.035464 0.035967 0.03647 0.036972
0.0026871 0.0074952 0.010501 0.012069 0.013333 0.014427 0.015409 0.016311 0.01715 0.017941 0.018691 0.019407 0.020095 0.020758 0.0214 0.022023 0.02263 0.023222 0.0238 0.024367 0.024923 0.02547 0.026008 0.026538 0.027061 0.027578 0.028088 0.028594 0.029094 0.02959 0.030083 0.030572 0.031057 0.03154 0.032021 0.0325 0.032977 0.033453 0.033927 0.034401 0.034875
0.0025349 0.0070708 0.0099065 0.011386 0.012578 0.01361 0.014537 0.015387 0.016179 0.016925 0.017632 0.018308 0.018957 0.019583 0.020188 0.020776 0.021348 0.021907 0.022453 0.022987 0.023512 0.024028 0.024535 0.025035 0.025529 0.026016 0.026498 0.026974 0.027447 0.027915 0.028379 0.02884 0.029299 0.029754 0.030208 0.03066 0.03111 0.031558 0.032006 0.032453 0.0329
0.0023934 0.0066759 0.0093532 0.01075 0.011875 0.01285 0.013725 0.014528 0.015276 0.015979 0.016647 0.017285 0.017898 0.018489 0.019061 0.019616 0.020156 0.020683 0.021199 0.021703 0.022199 0.022686 0.023165 0.023637 0.024103 0.024563 0.025018 0.025468 0.025914 0.026356 0.026794 0.02723 0.027662 0.028092 0.028521 0.028947 0.029372 0.029796 0.030219 0.030641 0.031062
0.0022634 0.0063134 0.0088454 0.010166 0.011231 0.012152 0.01298 0.013739 0.014446 0.015112 0.015744 0.016347 0.016926 0.017485 0.018026 0.018551 0.019062 0.01956 0.020048 0.020525 0.020994 0.021454 0.021907 0.022354 0.022794 0.023229 0.02366 0.024085 0.024507 0.024925 0.025339 0.025751 0.02616 0.026567 0.026972 0.027376 0.027777 0.028178 0.028578 0.028977 0.029376
0.0021461 0.0059863 0.0083871 0.0096397 0.010649 0.011523 0.012307 0.013027 0.013698 0.014329 0.014928 0.0155 0.016049 0.016579 0.017092 0.017589 0.018074 0.018547 0.019009 0.019462 0.019906 0.020342 0.020772 0.021196 0.021613 0.022026 0.022434 0.022837 0.023237 0.023633 0.024026 0.024417 0.024805 0.025191 0.025575 0.025957 0.026338 0.026718 0.027097 0.027476 0.027854
0.0020424 0.0056969 0.0079816 0.0091737 0.010134 0.010966 0.011712 0.012397 0.013036 0.013636 0.014206 0.014751 0.015274 0.015778 0.016266 0.016739 0.0172 0.01765 0.01809 0.018521 0.018944 0.019359 0.019768 0.020171 0.020568 0.020961 0.021349 0.021733 0.022114 0.022491 0.022865 0.023237 0.023606 0.023973 0.024338 0.024702 0.025065 0.025427 0.025787 0.026148 0.026507
0.001953 0.0054475 0.0076322 0.0087721 0.0096903 0.010486 0.0112 0.011855 0.012465 0.013039 0.013584 0.014105 0.014605 0.015087 0.015553 0.016006 0.016447 0.016877 0.017298 0.01771 0.018114 0.018512 0.018903 0.019288 0.019668 0.020043 0.020415 0.020782 0.021146 0.021506 0.021864 0.022219 0.022572 0.022924 0.023273 0.023621 0.023968 0.024313 0.024658 0.025003 0.025347
0.0018786 0.00524 0.0073415 0.0084379 0.0093211 0.010086 0.010773 0.011403 0.01199 0.012543 0.013067 0.013568 0.014049 0.014512 0.014961 0.015397 0.015821 0.016235 0.016639 0.017035 0.017424 0.017806 0.018183 0.018553 0.018919 0.01928 0.019637 0.01999 0.02034 0.020687 0.021031 0.021373 0.021713 0.02205 0.022386 0.022721 0.023055 0.023387 0.023719 0.02405 0.024381
0.0018198 0.0050759 0.0071116 0.0081737 0.0090293 0.0097703 0.010436 0.011046 0.011615 0.01215 0.012658 0.013143 0.013609 0.014058 0.014493 0.014915 0.015325 0.015726 0.016118 0.016502 0.016879 0.017249 0.017613 0.017972 0.018326 0.018676 0.019022 0.019364 0.019703 0.020039 0.020373 0.020704 0.021033 0.02136 0.021686 0.02201 0.022333 0.022655 0.022976 0.023297 0.023618
0.001777 0.0049566 0.0069444 0.0079816 0.008817 0.0095406 0.01019 0.010786 0.011342 0.011864 0.01236 0.012834 0.013289 0.013727 0.014152 0.014564 0.014965 0.015356 0.015739 0.016114 0.016482 0.016843 0.017199 0.01755 0.017896 0.018237 0.018575 0.018909 0.01924 0.019568 0.019894 0.020217 0.020538 0.020858 0.021176 0.021492 0.021808 0.022122 0.022436 0.02275 0.023063
0.0017506 0.0048829 0.0068411 0.0078629 0.0086859 0.0093987 0.010039 0.010626 0.011173 0.011688 0.012176 0.012643 0.013091 0.013523 0.013941 0.014347 0.014743 0.015128 0.015505 0.015874 0.016237 0.016593 0.016943 0.017289 0.017629 0.017966 0.018299 0.018628 0.018954 0.019277 0.019598 0.019916 0.020233 0.020548 0.020861 0.021173 0.021483 0.021793 0.022103 0.022411 0.02272
0.0017407 0.0048554 0.0068026 0.0078185 0.0086369 0.0093457 0.0099821 0.010566 0.01111 0.011622 0.012108 0.012572 0.013017 0.013447 0.013863 0.014266 0.014659 0.015043 0.015418 0.015785 0.016145 0.016499 0.016848 0.017191 0.01753 0.017865 0.018195 0.018523 0.018847 0.019168 0.019487 0.019804 0.020119 0.020432 0.020743 0.021053 0.021362 0.02167 0.021978 0.022285 0.022592
0.0017474 0.0048742 0.006829 0.0078489 0.0086705 0.0093821 0.010021 0.010607 0.011153 0.011667 0.012155 0.012621 0.013068 0.013499 0.013917 0.014322 0.014716 0.015101 0.015478 0.015846 0.016208 0.016563 0.016913 0.017258 0.017598 0.017934 0.018266 0.018595 0.01892 0.019243 0.019563 0.019881 0.020197 0.020511 0.020824 0.021135 0.021445 0.021755 0.022063 0.022372 0.022679
0.0017708 0.0049393 0.0069202 0.0079538 0.0087863 0.0095074 0.010155 0.010749 0.011302 0.011823 0.012317 0.012789 0.013242 0.01368 0.014103 0.014513 0.014913 0.015303 0.015684 0.016058 0.016424 0.016785 0.017139 0.017489 0.017833 0.018174 0.01851 0.018843 0.019173 0.0195 0.019824 0.020147 0.020467 0.020785 0.021102 0.021417 0.021732 0.022045 0.022358 0.02267 0.022982
0.0018105 0.0050502 0.0070756 0.0081323 0.0089835 0.0097208 0.010383 0.01099 0.011556 0.012088 0.012594 0.013076 0.01354 0.013987 0.014419 0.014839 0.015248 0.015646 0.016036 0.016418 0.016793 0.017161 0.017524 0.017881 0.018234 0.018582 0.018926 0.019266 0.019603 0.019938 0.020269 0.020599 0.020926 0.021252 0.021576 0.021898 0.02222 0.02254 0.02286 0.023179 0.023498
0.0018664 0.005206 0.0072938 0.0083831 0.0092606 0.010021 0.010703 0.011329 0.011912 0.012461 0.012982 0.01348 0.013957 0.014418 0.014864 0.015297 0.015718 0.016129 0.016531 0.016925 0.017311 0.017691 0.018065 0.018433 0.018796 0.019155 0.019509 0.01986 0.020208 0.020553 0.020895 0.021234 0.021572 0.021907 0.022241 0.022574 0.022905 0.023235 0.023565 0.023894 0.024223
0.0019379 0.0054055 0.0075733 0.0087044 0.0096155 0.010405 0.011113 0.011763 0.012369 0.012939 0.01348 0.013996 0.014492 0.014971 0.015433 0.015883 0.01632 0.016747 0.017165 0.017573 0.017975 0.018369 0.018757 0.019139 0.019516 0.019889 0.020257 0.020621 0.020982 0.02134 0.021695 0.022048 0.022398 0.022747 0.023093 0.023439 0.023783 0.024126 0.024468 0.02481 0.025151
0.0020246 0.0056472 0.007912 0.0090936 0.010045 0.01087 0.01161 0.012289 0.012922 0.013517 0.014082 0.014622 0.01514 0.01564 0.016124 0.016593 0.01705 0.017496 0.017932 0.018359 0.018778 0.01919 0.019595 0.019995 0.020389 0.020778 0.021163 0.021544 0.021921 0.022294 0.022665 0.023034 0.0234 0.023764 0.024126 0.024487 0.024846 0.025205 0.025562 0.025919 0.026276
0.0021257 0.0059293 0.0083072 0.0095478 0.010547 0.011413 0.01219 0.012903 0.013567 0.014192 0.014786 0.015352 0.015896 0.016421 0.016929 0.017422 0.017902 0.01837 0.018828 0.019276 0.019716 0.020149 0.020574 0.020994 0.021407 0.021816 0.02222 0.02262 0.023016 0.023408 0.023798 0.024184 0.024569 0.024951 0.025331 0.02571 0.026087 0.026463 0.026839 0.027214 0.027588
0.0022405 0.0062495 0.0087559 0.010064 0.011117 0.012029 0.012848 0.0136 0.0143 0.014959 0.015584 0.016182 0.016755 0.017308 0.017843 0.018363 0.018869 0.019362 0.019845 0.020317 0.020781 0.021237 0.021686 0.022128 0.022564 0.022994 0.02342 0.023841 0.024259 0.024672 0.025083 0.025491 0.025896 0.026298 0.026699 0.027098 0.027496 0.027893 0.028289 0.028684 0.029079
0.0023681 0.0066056 0.0092547 0.010637 0.01175 0.012715 0.01358 0.014375 0.015115 0.015811 0.016472 0.017103 0.01771 0.018294 0.01886 0.019409 0.019944 0.020465 0.020975 0.021475 0.021965 0.022447 0.022921 0.023388 0.023849 0.024304 0.024754 0.0252 0.025641 0.026078 0.026512 0.026943 0.027371 0.027797 0.02822 0.028642 0.029063 0.029482 0.0299 0.030318 0.030735
0.0025076 0.0069946 0.0097998 0.011263 0.012442 0.013463 0.01438 0.015221 0.016005 0.016742 0.017442 0.018111 0.018753 0.019372 0.019971 0.020552 0.021118 0.021671 0.022211 0.02274 0.023259 0.023769 0.024271 0.024766 0.025254 0.025736 0.026212 0.026684 0.027151 0.027614 0.028073 0.02853 0.028983 0.029434 0.029882 0.030329 0.030774 0.031218 0.031661 0.032104 0.032546
0.0026579 0.0074138 0.010387 0.011938 0.013188 0.01427 0.015242 0.016134 0.016964 0.017746 0.018488 0.019196 0.019876 0.020533 0.021167 0.021784 0.022384 0.022969 0.023542 0.024102 0.024653 0.025193 0.025725 0.02625 0.026767 0.027278 0.027783 0.028283 0.028778 0.029269 0.029756 0.030239 0.03072 0.031198 0.031673 0.032147 0.032619 0.033089 0.033559 0.034027 0.034496
0.0028178 0.0078598 0.011012 0.012657 0.013981 0.015129 0.016159 0.017104 0.017985 0.018813 0.0196 0.020351 0.021072 0.021768 0.022441 0.023094 0.02373 0.024351 0.024958 0.025552 0.026136 0.026709 0.027273 0.027829 0.028377 0.028919 0.029455 0.029984 0.030509 0.03103 0.031546 0.032059 0.032568 0.033075 0.033579 0.034081 0.034581 0.03508 0.035578 0.036075 0.036571
0.0029861 0.0083293 0.01167 0.013413 0.014817 0.016033 0.017124 0.018126 0.019059 0.019937 0.020771 0.021567 0.022331 0.023068 0.023781 0.024474 0.025148 0.025806 0.026449 0.027079 0.027697 0.028304 0.028902 0.029491 0.030073 0.030647 0.031214 0.031776 0.032332 0.032883 0.03343 0.033974 0.034513 0.03505 0.035585 0.036117 0.036647 0.037175 0.037703 0.03823 0.038756
0.0031616 0.0088187 0.012355 0.014201 0.015687 0.016975 0.01813 0.019191 0.020179 0.021109 0.021991 0.022834 0.023643 0.024424 0.025179 0.025912 0.026626 0.027322 0.028003 0.02867 0.029324 0.029968 0.030601 0.031224 0.03184 0.032447 0.033048 0.033643 0.034232 0.034815 0.035395 0.03597 0.036541 0.03711 0.037675 0.038239 0.0388 0.03936 0.039918 0.040476 0.041033
0.0033428 0.0093243 0.013064 0.015015 0.016586 0.017948 0.01917 0.020291 0.021336 0.022319 0.023252 0.024143 0.024999 0.025824 0.026622 0.027397 0.028152 0.028888 0.029608 0.030314 0.031006 0.031686 0.032355 0.033014 0.033665 0.034307 0.034943 0.035571 0.036194 0.036811 0.037424 0.038032 0.038636 0.039237 0.039835 0.040431 0.041024 0.041616 0.042207 0.042796 0.043385
0.0035285 0.0098422 0.013789 0.015849 0.017508 0.018945 0.020235 0.021418 0.022521 0.023558 0.024543 0.025484 0.026387 0.027258 0.028101 0.028919 0.029716 0.030493 0.031253 0.031997 0.032728 0.033445 0.034152 0.034848 0.035535 0.036213 0.036883 0.037547 0.038204 0.038856 0.039502 0.040144 0.040782 0.041417 0.042048 0.042676 0.043303 0.043928 0.044551 0.045173 0.045795
0.0037172 0.010368 0.014527 0.016696 0.018444 0.019957 0.021316 0.022563 0.023725 0.024818 0.025855 0.026846 0.027798 0.028715 0.029603 0.030465 0.031305 0.032123 0.032924 0.033708 0.034477 0.035234 0.035978 0.036711 0.037435 0.038149 0.038855 0.039555 0.040247 0.040933 0.041614 0.042291 0.042963 0.043631 0.044296 0.044958 0.045618 0.046276 0.046933 0.047589 0.048244
0.0039074 0.010899 0.01527 0.017551 0.019388 0.020979 0.022407 0.023718 0.024939 0.026088 0.027179 0.02822 0.02922 0.030185 0.031118 0.032024 0.032906 0.033767 0.034609 0.035433 0.036242 0.037037 0.037819 0.03859 0.03935 0.040101 0.040844 0.041579 0.042307 0.043028 0.043744 0.044455 0.045161 0.045864 0.046563 0.047259 0.047953 0.048644 0.049335 0.050024 0.050712
0.0040977 0.01143 0.016014 0.018405 0.020332 0.022001 0.023499 0.024873 0.026154 0.027359 0.028502 0.029595 0.030644 0.031655 0.032634 0.033584 0.034509 0.035412 0.036294 0.037159 0.038007 0.038841 0.039661 0.04047 0.041267 0.042055 0.042833 0.043604 0.044367 0.045124 0.045875 0.04662 0.047361 0.048098 0.048831 0.049561 0.050289 0.051014 0.051738 0.052461 0.053183
0.0042867 0.011957 0.016752 0.019254 0.02127 0.023015 0.024583 0.026021 0.02736 0.028621 0.029817 0.03096 0.032057 0.033115 0.034139 0.035133 0.036101 0.037045 0.037968 0.038873 0.03976 0.040632 0.04149 0.042336 0.04317 0.043994 0.044809 0.045615 0.046414 0.047205 0.047991 0.04877 0.049545 0.050316 0.051083 0.051847 0.052608 0.053367 0.054124 0.05488 0.055635
0.0044729 0.012476 0.01748 0.020091 0.022194 0.024015 0.02565 0.027151 0.028548 0.029864 0.031112 0.032305 0.03345 0.034554 0.035622 0.03666 0.037669 0.038654 0.039618 0.040561 0.041487 0.042397 0.043293 0.044175 0.045046 0.045905 0.046755 0.047597 0.04843 0.049256 0.050075 0.050889 0.051698 0.052502 0.053302 0.054099 0.054893 0.055685 0.056475 0.057264 0.058052
0.0046549 0.012984 0.018191 0.020908 0.023097 0.024992 0.026694 0.028256 0.02971 0.031079 0.032378 0.033619 0.034811 0.03596 0.037072 0.038151 0.039202 0.040227 0.04123 0.042212 0.043176 0.044123 0.045055 0.045973 0.046879 0.047774 0.048658 0.049533 0.050401 0.05126 0.052113 0.05296 0.053801 0.054638 0.055471 0.056301 0.057127 0.057951 0.058773 0.059594 0.060415
0.0048314 0.013476 0.018881 0.021701 0.023972 0.02594 0.027706 0.029327 0.030836 0.032257 0.033606 0.034894 0.03613 0.037323 0.038477 0.039597 0.040688 0.041752 0.042793 0.043812 0.044812 0.045795 0.046762 0.047715 0.048656 0.049584 0.050502 0.051411 0.052311 0.053203 0.054088 0.054967 0.055841 0.056709 0.057574 0.058435 0.059292 0.060148 0.061001 0.061853 0.062705
0.0050009 0.013949 0.019543 0.022462 0.024813 0.02685 0.028678 0.030356 0.031918 0.033389 0.034785 0.036118 0.037398 0.038632 0.039827 0.040987 0.042116 0.043217 0.044294 0.045349 0.046384 0.047402 0.048403 0.04939 0.050363 0.051324 0.052274 0.053215 0.054146 0.05507 0.055986 0.056896 0.0578 0.058699 0.059594 0.060485 0.061373 0.062258 0.063142 0.064024 0.064905
0.0051622 0.014399 0.020174 0.023187 0.025614 0.027716 0.029603 0.031335 0.032948 0.034466 0.035907 0.037283 0.038604 0.039879 0.041112 0.042309 0.043474 0.044611 0.045723 0.046812 0.047881 0.048931 0.049964 0.050983 0.051987 0.05298 0.053961 0.054931 0.055893 0.056846 0.057792 0.058731 0.059665 0.060593 0.061516 0.062436 0.063352 0.064266 0.065178 0.066089 0.066998
0.0053141 0.014823 0.020767 0.023869 0.026367 0.028531 0.030474 0.032257 0.033917 0.03548 0.036963 0.03838 0.03974 0.041052 0.042321 0.043554 0.044753 0.045924 0.047068 0.048189 0.049289 0.05037 0.051434 0.052483 0.053517 0.054538 0.055548 0.056548 0.057537 0.058519 0.059492 0.060459 0.06142 0.062375 0.063326 0.064273 0.065216 0.066157 0.067096 0.068033 0.06897
0.0054554 0.015217 0.02132 0.024504 0.027069 0.02929 0.031284 0.033115 0.034819 0.036423 0.037946 0.0394 0.040797 0.042143 0.043447 0.044712 0.045943 0.047145 0.04832 0.049471 0.0506 0.05171 0.052802 0.053878 0.05494 0.055989 0.057025 0.058051 0.059067 0.060075 0.061074 0.062067 0.063053 0.064034 0.06501 0.065982 0.06695 0.067916 0.06888 0.069842 0.070803
0.005585 0.015579 0.021826 0.025086 0.027712 0.029986 0.032028 0.033902 0.035646 0.037289 0.038848 0.040337 0.041766 0.043145 0.044479 0.045774 0.047035 0.048265 0.049468 0.050646 0.051802 0.052939 0.054057 0.055159 0.056246 0.057319 0.05838 0.059431 0.060471 0.061502 0.062526 0.063542 0.064551 0.065556 0.066555 0.06755 0.068541 0.06953 0.070517 0.071502 0.072486
0.005702 0.015905 0.022283 0.025611 0.028292 0.030614 0.032699 0.034612 0.036393 0.03807 0.039662 0.041182 0.042641 0.044049 0.045411 0.046733 0.04802 0.049276 0.050504 0.051707 0.052888 0.054048 0.055189 0.056314 0.057424 0.05852 0.059603 0.060676 0.061738 0.062791 0.063835 0.064873 0.065904 0.066929 0.067949 0.068965 0.069977 0.070987 0.071994 0.073 0.074004
0.0058055 0.016194 0.022688 0.026076 0.028806 0.03117 0.033292 0.03524 0.037054 0.038761 0.040381 0.041929 0.043415 0.044848 0.046235 0.047581 0.048892 0.050171 0.051421 0.052646 0.053847 0.055028 0.056191 0.057336 0.058466 0.059582 0.060685 0.061777 0.062858 0.06393 0.064994 0.06605 0.0671 0.068143 0.069182 0.070217 0.071247 0.072275 0.073301 0.074325 0.075347
0.0058947 0.016442 0.023036 0.026477 0.029248 0.031649 0.033804 0.035781 0.037623 0.039356 0.041002 0.042573 0.044082 0.045537 0.046945 0.048312 0.049643 0.050941 0.052211 0.053454 0.054675 0.055874 0.057054 0.058217 0.059364 0.060497 0.061617 0.062726 0.063824 0.064912 0.065992 0.067065 0.06813 0.06919 0.070245 0.071295 0.072342 0.073385 0.074426 0.075466 0.076505

