72	41
0.558 0.558 0.558 0.558 0.558 0.558 0.558 0.558 0.558 0.558 0.558 0.558 0.558 0.558 0.558 0.558 0.558 0.558 0.558 0.558 0.558 0.558 0.558 0.558 0.558 0.558 0.558 0.558 0.558 0.558 0.558 0.558 0.558 0.558 0.558 0.558 0.558 0.558 0.558 0.558 0.558
0.558 0.558 0.558 0.558 0.558 0.558 0.558 0.558 0.558 0.558 0.558 0.558 0.558 0.558 0.558 0.558 0.558 0.558 0.558 0.558 0.558 0.558 0.558 0.558 0.558 0.558 0.558 0.558 0.558 0.558 0.558 0.558 0.558 0.558 0.558 0.558 0.558 0.558 0.558 0.558 0.558
0.558 0.558 0.558 0.558 0.558 0.558 0.558 0.558 0.558 0.558 0.558 0.558 0.558 0.558 0.558 0.558 0.558 0.558 0.558 0.558 0.558 0.558 0.558 0.558 0.558 0.558 0.558 0.558 0.558 0.558 0.558 0.558 0.558 0.558 0.558 0.558 0.558 0.558 0.558 0.558 0.558
0.558 0.558 0.558 0.558 0.558 0.558 0.558 0.558 0.558 0.558 0.558 0.558 0.558 0.558 0.558 0.558 0.558 0.558 0.558 0.558 0.558 0.558 0.558 0.558 0.558 0.558 0.558 0.558 0.558 0.558 0.558 0.558 0.558 0.558 0.558 0.558 0.558 0.558 0.558 0.558 0.558
0.558 0.558 0.558 0.558 0.558 0.558 0.558 0.558 0.558 0.558 0.558 0.558 0.558 0.558 0.558 0.558 0.558 0.558 0.558 0.558 0.558 0.558 0.558 0.558 0.558 0.558 0.558 0.558 0.558 0.558 0.558 0.558 0.558 0.558 0.558 0.558 0.558 0.558 0.558 0.558 0.558
0.558 0.558 0.558 0.558 0.558 0.558 0.558 0.558 0.558 0.558 0.558 0.558 0.558 0.558 0.558 0.558 0.558 0.558 0.558 0.558 0.558 0.558 0.558 0.558 0.558 0.558 0.558 0.558 0.558 0.558 0.558 0.558 0.558 0.558 0.558 0.558 0.558 0.558 0.558 0.558 0.558
0.558 0.558 0.558 0.558 0.558 0.558 0.558 0.558 0.558 0.558 0.558 0.558 0.558 0.558 0.558 0.558 0.558 0.558 0.558 0.558 0.558 0.558 0.558 0.558 0.558 0.558 0.558 0.558 0.558 0.558 0.558 0.558 0.558 0.558 0.558 0.558 0.558 0.558 0.558 0.558 0.558
0.558 0.558 0.558 0.558 0.558 0.558 0.558 0.558 0.558 0.558 0.558 0.558 0.558 0.558 0.558 0.558 0.558 0.558 0.558 0.558 0.558 0.558 0.558 0.558 0.558 0.558 0.558 0.558 0.558 0.558 0.558 0.558 0.558 0.558 0.558 0.558 0.558 0.558 0.558 0.558 0.558
0.558 0.558 0.558 0.558 0.558 0.558 0.558 0.558 0.558 0.558 0.558 0.558 0.558 0.558 0.558 0.558 0.558 0.558 0.558 0.558 0.558 0.558 0.558 0.558 0.558 0.558 0.558 0.558 0.558 0.558 0.558 0.558 0.558 0.558 0.558 0.558 0.558 0.558 0.558 0.558 0.558
0.558 0.558 0.558 0.558 0.558 0.558 0.558 0.558 0.558 0.558 0.558 0.558 0.558 0.558 0.558 0.558 0.558 0.558 0.558 0.558 0.558 0.558 0.558 0.558 0.558 0.558 0.558 0.558 0.558 0.558 0.558 0.558 0.558 0.558 0.558 0.558 0.558 0.558 0.558 0.558 0.558
0.558 0.558 0.558 0.558 0.558 0.558 0.558 0.558 0.558 0.558 0.558 0.558 0.558 0.558 0.558 0.558 0.558 0.558 0.558 0.558 0.558 0.558 0.558 0.558 0.558 0.558 0.558 0.558 0.558 0.558 0.558 0.558 0.558 0.558 0.558 0.558 0.558 0.558 0.558 0.558 0.558
0.558 0.558 0.558 0.558 0.558 0.558 0.558 0.558 0.558 0.558 0.558 0.558 0.558 0.558 0.558 0.558 0.558 0.558 0.558 0.558 0.558 0.558 0.558 0.558 0.558 0.558 0.558 0.558 0.558 0.558 0.558 0.558 0.558 0.558 0.558 0.558 0.558 0.558 0.558 0.558 0.558
0.558 0.558 0.558 0.558 0.558 0.558 0.558 0.558 0.558 0.558 0.558 0.558 0.558 0.558 0.558 0.558 0.558 0.558 0.558 0.558 0.558 0.558 0.558 0.558 0.558 0.558 0.558 0.558 0.558 0.558 0.558 0.558 0.558 0.558 0.558 0.558 0.558 0.558 0.558 0.558 0.558
0.558 0.558 0.558 0.558 0.558 0.558 0.558 0.558 0.558 0.558 0.558 0.558 0.558 0.558 0.558 0.558 0.558 0.558 0.558 0.558 0.558 0.558 0.558 0.558 0.558 0.558 0.558 0.558 0.558 0.558 0.558 0.558 0.558 0.558 0.558 0.558 0.558 0.558 0.558 0.558 0.558
0.558 0.558 0.558 0.558 0.558 0.558 0.558 0.558 0.558 0.558 0.558 0.558 0.558 0.558 0.558 0.558 0.558 0.558 0.558 0.558 0.558 0.558 0.558 0.558 0.558 0.558 0.558 0.558 0.558 0.558 0.558 0.558 0.558 0.558 0.558 0.558 0.558 0.558 0.558 0.558 0.558
0.558 0.558 0.558 0.558 0.558 0.558 0.558 0.558 0.558 0.558 0.558 0.558 0.558 0.558 0.558 0.558 0.558 0.558 0.558 0.558 0.558 0.558 0.558 0.558 0.558 0.558 0.558 0.558 0.558 0.558 0.558 0.558 0.558 0.558 0.558 0.558 0.558 0.558 0.558 0.558 0.558
0.558 0.558 0.558 0.558 0.558 0.558 0.558 0.558 0.558 0.558 0.558 0.558 0.558 0.558 0.558 0.558 0.558 0.558 0.558 0.558 0.558 0.558 0.558 0.558 0.558 0.558 0.558 0.558 0.558 0.558 0.558 0.558 0.558 0.558 0.558 0.558 0.558 0.558 0.558 0.558 0.558
0.558 0.558 0.558 0.558 0.558 0.558 0.558 0.558 0.558 0.558 0.558 0.558 0.558 0.558 0.558 0.558 0.558 0.558 0.558 0.558 0.558 0.558 0.558 0.558 0.558 0.558 0.558 0.558 0.558 0.558 0.558 0.558 0.558 0.558 0.558 0.558 0.558 0.558 0.558 0.558 0.558
0.558 0.558 0.558 0.558 0.558 0.558 0.558 0.558 0.558 0.558 0.558 0.558 0.558 0.558 0.558 0.558 0.558 0.558 0.558 0.558 0.558 0.558 0.558 0.558 0.558 0.558 0.558 0.558 0.558 0.558 0.558 0.558 0.558 0.558 0.558 0.558 0.558 0.558 0.558 0.558 0.558
0.558 0.558 0.558 0.558 0.558 0.558 0.558 0.558 0.558 0.558 0.558 0.558 0.558 0.558 0.558 0.558 0.558 0.558 0.558 0.558 0.558 0.558 0.558 0.558 0.558 0.558 0.558 0.558 0.558 0.558 0.558 0.558 0.558 0.558 0.558 0.558 0.558 0.558 0.558 0.558 0.558
0.558 0.558 0.558 0.558 0.558 0.558 0.558 0.558 0.558 0.558 0.558 0.558 0.558 0.558 0.558 0.558 0.558 0.558 0.558 0.558 0.558 0.558 0.558 0.558 0.558 0.558 0.558 0.558 0.558 0.558 0.558 0.558 0.558 0.558 0.558 0.558 0.558 0.558 0.558 0.558 0.558
0.558 0.558 0.558 0.558 0.558 0.558 0.558 0.558 0.558 0.558 0.558 0.558 0.558 0.558 0.558 0.558 0.558 0.558 0.558 0.558 0.558 0.558 0.558 0.558 0.558 0.558 0.558 0.558 0.558 0.558 0.558 0.558 0.558 0.558 0.558 0.558 0.558 0.558 0.558 0.558 0.558
0.558 0.558 0.558 0.558 0.558 0.558 0.558 0.558 0.558 0.558 0.558 0.558 0.558 0.558 0.558 0.558 0.558 0.558 0.558 0.558 0.558 0.558 0.558 0.558 0.558 0.558 0.558 0.558 0.558 0.558 0.558 0.558 0.558 0.558 0.558 0.558 0.558 0.558 0.558 0.558 0.558
0.558 0.558 0.558 0.558 0.558 0.558 0.558 0.558 0.558 0.558 0.558 0.558 0.558 0.558 0.558 0.558 0.558 0.558 0.558 0.558 0.558 0.558 0.558 0.558 0.558 0.558 0.558 0.558 0.558 0.558 0.558 0.558 0.558 0.558 0.558 0.558 0.558 0.558 0.558 0.558 0.558
0.558 0.558 0.558 0.558 0.558 0.558 0.558 0.558 0.558 0.558 0.558 0.558 0.558 0.558 0.558 0.558 0.558 0.558 0.558 0.558 0.558 0.558 0.558 0.558 0.558 0.558 0.558 0.558 0.558 0.558 0.558 0.558 0.558 0.558 0.558 0.558 0.558 0.558 0.558 0.558 0.558
0.558 0.558 0.558 0.558 0.558 0.558 0.558 0.558 0.558 0.558 0.558 0.558 0.558 0.558 0.558 0.558 0.558 0.558 0.558 0.558 0.558 0.558 0.558 0.558 0.558 0.558 0.558 0.558 0.558 0.558 0.558 0.558 0.558 0.558 0.558 0.558 0.558 0.558 0.558 0.558 0.558
0.558 0.558 0.558 0.558 0.558 0.558 0.558 0.558 0.558 0.558 0.558 0.558 0.558 0.558 0.558 0.558 0.558 0.558 0.558 0.558 0.558 0.558 0.558 0.558 0.558 0.558 0.558 0.558 0.558 0.558 0.558 0.558 0.558 0.558 0.558 0.558 0.558 0.558 0.558 0.558 0.558
0.558 0.558 0.558 0.558 0.558 0.558 0.558 0.558 0.558 0.558 0.558 0.558 0.558 0.558 0.558 0.558 0.558 0.558 0.558 0.558 0.558 0.558 0.558 0.558 0.558 0.558 0.558 0.558 0.558 0.558 0.558 0.558 0.558 0.558 0.558 0.558 0.558 0.558 0.558 0.558 0.558
0.558 0.558 0.558 0.558 0.558 0.558 0.558 0.558 0.558 0.558 0.558 0.558 0.558 0.558 0.558 0.558 0.558 0.558 0.558 0.558 0.558 0.558 0.558 0.558 0.558 0.558 0.558 0.558 0.558 0.558 0.558 0.558 0.558 0.558 0.558 0.558 0.558 0.558 0.558 0.558 0.558
0.558 0.558 0.558 0.558 0.558 0.558 0.558 0.558 0.558 0.558 0.558 0.558 0.558 0.558 0.558 0.558 0.558 0.558 0.558 0.558 0.558 0.558 0.558 0.558 0.558 0.558 0.558 0.558 0.558 0.558 0.558 0.558 0.558 0.558 0.558 0.558 0.558 0.558 0.558 0.558 0.558
0.558 0.558 0.558 0.558 0.558 0.558 0.558 0.558 0.558 0.558 0.558 0.558 0.558 0.558 0.558 0.558 0.558 0.558 0.558 0.558 0.558 0.558 0.558 0.558 0.558 0.558 0.558 0.558 0.558 0.558 0.558 0.558 0.558 0.558 0.558 0.558 0.558 0.558 0.558 0.558 0.558
0.558 0.558 0.558 0.558 0.558 0.558 0.558 0.558 0.558 0.558 0.558 0.558 0.558 0.558 0.558 0.558 0.558 0.558 0.558 0.558 0.558 0.558 0.558 0.558 0.558 0.558 0.558 0.558 0.558 0.558 0.558 0.558 0.558 0.558 0.558 0.558 0.558 0.558 0.558 0.558 0.558
0.558 0.558 0.558 0.558 0.558 0.558 0.558 0.558 0.558 0.558 0.558 0.558 0.558 0.558 0.558 0.558 0.558 0.558 0.558 0.558 0.558 0.558 0.558 0.558 0.558 0.558 0.558 0.558 0.558 0.558 0.558 0.558 0.558 0.558 0.558 0.558 0.558 0.558 0.558 0.558 0.558
0.558 0.558 0.558 0.558 0.558 0.558 0.558 0.558 0.558 0.558 0.558 0.558 0.558 0.558 0.558 0.558 0.558 0.558 0.558 0.558 0.558 0.558 0.558 0.558 0.558 0.558 0.558 0.558 0.558 0.558 0.558 0.558 0.558 0.558 0.558 0.558 0.558 0.558 0.558 0.558 0.558
0.558 0.558 0.558 0.558 0.558 0.558 0.558 0.558 0.558 0.558 0.558 0.558 0.558 0.558 0.558 0.558 0.558 0.558 0.558 0.558 0.558 0.558 0.558 0.558 0.558 0.558 0.558 0.558 0.558 0.558 0.558 0.558 0.558 0.558 0.558 0.558 0.558 0.558 0.558 0.558 0.558
0.558 0.558 0.558 0.558 0.558 0.558 0.558 0.558 0.558 0.558 0.558 0.558 0.558 0.558 0.558 0.558 0.558 0.558 0.558 0.558 0.558 0.558 0.558 0.558 0.558 0.558 0.558 0.558 0.558 0.558 0.558 0.558 0.558 0.558 0.558 0.558 0.558 0.558 0.558 0.558 0.558
0.558 0.558 0.558 0.558 0.558 0.558 0.558 0.558 0.558 0.558 0.558 0.558 0.558 0.558 0.558 0.558 0.558 0.558 0.558 0.558 0.558 0.558 0.558 0.558 0.558 0.558 0.558 0.558 0.558 0.558 0.558 0.558 0.558 0.558 0.558 0.558 0.558 0.558 0.558 0.558 0.558
0.558 0.558 0.558 0.558 0.558 0.558 0.558 0.558 0.558 0.558 0.558 0.558 0.558 0.558 0.558 0.558 0.558 0.558 0.558 0.558 0.558 0.558 0.558 0.558 0.558 0.558 0.558 0.558 0.558 0.558 0.558 0.558 0.558 0.558 0.558 0.558 0.558 0.558 0.558 0.558 0.558
0.558 0.558 0.558 0.558 0.558 0.558 0.558 0.558 0.558 0.558 0.558 0.558 0.558 0.558 0.558 0.558 0.558 0.558 0.558 0.558 0.558 0.558 0.558 0.558 0.558 0.558 0.558 0.558 0.558 0.558 0.558 0.558 0.558 0.558 0.558 0.558 0.558 0.558 0.558 0.558 0.558
0.558 0.558 0.558 0.558 0.558 0.558 0.558 0.558 0.558 0.558 0.558 0.558 0.558 0.558 0.558 0.558 0.558 0.558 0.558 0.558 0.558 0.558 0.558 0.558 0.558 0.558 0.558 0.558 0.558 0.558 0.558 0.558 0.558 0.558 0.558 0.558 0.558 0.558 0.558 0.558 0.558
0.558 0.558 0.558 0.558 0.558 0.558 0.558 0.558 0.558 0.558 0.558 0.558 0.558 0.558 0.558 0.558 0.558 0.558 0.558 0.558 0.558 0.558 0.558 0.558 0.558 0.558 0.558 0.558 0.558 0.558 0.558 0.558 0.558 0.558 0.558 0.558 0.558 0.558 0.558 0.558 0.558
0.558 0.558 0.558 0.558 0.558 0.558 0.558 0.558 0.558 0.558 0.558 0.558 0.558 0.558 0.558 0.558 0.558 0.558 0.558 0.558 0.558 0.558 0.558 0.558 0.558 0.558 0.558 0.558 0.558 0.558 0.558 0.558 0.558 0.558 0.558 0.558 0.558 0.558 0.558 0.558 0.558
0.558 0.558 0.558 0.558 0.558 0.558 0.558 0.558 0.558 0.558 0.558 0.558 0.558 0.558 0.558 0.558 0.558 0.558 0.558 0.558 0.558 0.558 0.558 0.558 0.558 0.558 0.558 0.558 0.558 0.558 0.558 0.558 0.558 0.558 0.558 0.558 0.558 0.558 0.558 0.558 0.558
0.558 0.558 0.558 0.558 0.558 0.558 0.558 0.558 0.558 0.558 0.558 0.558 0.558 0.558 0.558 0.558 0.558 0.558 0.558 0.558 0.558 0.558 0.558 0.558 0.558 0.558 0.558 0.558 0.558 0.558 0.558 0.558 0.558 0.558 0.558 0.558 0.558 0.558 0.558 0.558 0.558
0.558 0.558 0.558 0.558 0.558 0.558 0.558 0.558 0.558 0.558 0.558 0.558 0.558 0.558 0.558 0.558 0.558 0.558 0.558 0.558 0.558 0.558 0.558 0.558 0.558 0.558 0.558 0.558 0.558 0.558 0.558 0.558 0.558 0.558 0.558 0.558 0.558 0.558 0.558 0.558 0.558
0.558 0.558 0.558 0.558 0.558 0.558 0.558 0.558 0.558 0.558 0.558 0.558 0.558 0.558 0.558 0.558 0.558 0.558 0.558 0.558 0.558 0.558 0.558 0.558 0.558 0.558 0.558 0.558 0.558 0.558 0.558 0.558 0.558 0.558 0.558 0.558 0.558 0.558 0.558 0.558 0.558
0.558 0.558 0.558 0.558 0.558 0.558 0.558 0.558 0.558 0.558 0.558 0.558 0.558 0.558 0.558 0.558 0.558 0.558 0.558 0.558 0.558 0.558 0.558 0.558 0.558 0.558 0.558 0.558 0.558 0.558 0.558 0.558 0.558 0.558 0.558 0.558 0.558 0.558 0.558 0.558 0.558
0.558 0.558 0.558 0.558 0.558 0.558 0.558 0.558 0.558 0.558 0.558 0.558 0.558 0.558 0.558 0.558 0.558 0.558 0.558 0.558 0.558 0.558 0.558 0.558 0.558 0.558 0.558 0.558 0.558 0.558 0.558 0.558 0.558 0.558 0.558 0.558 0.558 0.558 0.558 0.558 0.558
0.558 0.558 0.558 0.558 0.558 0.558 0.558 0.558 0.558 0.558 0.558 0.558 0.558 0.558 0.558 0.558 0.558 0.558 0.558 0.558 0.558 0.558 0.558 0.558 0.558 0.558 0.558 0.558 0.558 0.558 0.558 0.558 0.558 0.558 0.558 0.558 0.558 0.558 0.558 0.558 0.558
0.558 0.558 0.558 0.558 0.558 0.558 0.558 0.558 0.558 0.558 0.558 0.558 0.558 0.558 0.558 0.558 0.558 0.558 0.558 0.558 0.558 0.558 0.558 0.558 0.558 0.558 0.558 0.558 0.558 0.558 0.558 0.558 0.558 0.558 0.558 0.558 0.558 0.558 0.558 0.558 0.558
0.558 0.558 0.558 0.558 0.558 0.558 0.558 0.558 0.558 0.558 0.558 0.558 0.558 0.558 0.558 0.558 0.558 0.558 0.558 0.558 0.558 0.558 0.558 0.558 0.558 0.558 0.558 0.558 0.558 0.558 0.558 0.558 0.558 0.558 0.558 0.558 0.558 0.558 0.558 0.558 0.558
0.558 0.558 0.558 0.558 0.558 0.558 0.558 0.558 0.558 0.558 0.558 0.558 0.558 0.558 0.558 0.558 0.558 0.558 0.558 0.558 0.558 0.558 0.558 0.558 0.558 0.558 0.558 0.558 0.558 0.558 0.558 0.558 0.558 0.558 0.558 0.558 0.558 0.558 0.558 0.558 0.558
0.558 0.558 0.558 0.558 0.558 0.558 0.558 0.558 0.558 0.558 0.558 0.558 0.558 0.558 0.558 0.558 0.558 0.558 0.558 0.558 0.558 0.558 0.558 0.558 0.558 0.558 0.558 0.558 0.558 0.558 0.558 0.558 0.558 0.558 0.558 0.558 0.558 0.558 0.558 0.558 0.558
0.558 0.558 0.558 0.558 0.558 0.558 0.558 0.558 0.558 0.558 0.558 0.558 0.558 0.558 0.558 0.558 0.558 0.558 0.558 0.558 0.558 0.558 0.558 0.558 0.558 0.558 0.558 0.558 0.558 0.558 0.558 0.558 0.558 0.558 0.558 0.558 0.558 0.558 0.558 0.558 0.558
0.558 0.558 0.558 0.558 0.558 0.558 0.558 0.558 0.558 0.558 0.558 0.558 0.558 0.558 0.558 0.558 0.558 0.558 0.558 0.558 0.558 0.558 0.558 0.558 0.558 0.558 0.558 0.558 0.558 0.558 0.558 0.558 0.558 0.558 0.558 0.558 0.558 0.558 0.558 0.558 0.558
0.558 0.558 0.558 0.558 0.558 0.558 0.558 0.558 0.558 0.558 0.558 0.558 0.558 0.558 0.558 0.558 0.558 0.558 0.558 0.558 0.558 0.558 0.558 0.558 0.558 0.558 0.558 0.558 0.558 0.558 0.558 0.558 0.558 0.558 0.558 0.558 0.558 0.558 0.558 0.558 0.558
0.558 0.558 0.558 0.558 0.558 0.558 0.558 0.558 0.558 0.558 0.558 0.558 0.558 0.558 0.558 0.558 0.558 0.558 0.558 0.558 0.558 0.558 0.558 0.558 0.558 0.558 0.558 0.558 0.558 0.558 0.558 0.558 0.558 0.558 0.558 0.558 0.558 0.558 0.558 0.558 0.558
0.558 0.558 0.558 0.558 0.558 0.558 0.558 0.558 0.558 0.558 0.558 0.558 0.558 0.558 0.558 0.558 0.558 0.558 0.558 0.558 0.558 0.558 0.558 0.558 0.558 0.558 0.558 0.558 0.558 0.558 0.558 0.558 0.558 0.558 0.558 0.558 0.558 0.558 0.558 0.558 0.558
0.558 0.558 0.558 0.558 0.558 0.558 0.558 0.558 0.558 0.558 0.558 0.558 0.558 0.558 0.558 0.558 0.558 0.558 0.558 0.558 0.558 0.558 0.558 0.558 0.558 0.558 0.558 0.558 0.558 0.558 0.558 0.558 0.558 0.558 0.558 0.558 0.558 0.558 0.558 0.558 0.558
0.558 0.558 0.558 0.558 0.558 0.558 0.558 0.558 0.558 0.558 0.558 0.558 0.558 0.558 0.558 0.558 0.558 0.558 0.558 0.558 0.558 0.558 0.558 0.558 0.558 0.558 0.558 0.558 0.558 0.558 0.558 0.558 0.558 0.558 0.558 0.558 0.558 0.558 0.558 0.558 0.558
0.558 0.558 0.558 0.558 0.558 0.558 0.558 0.558 0.558 0.558 0.558 0.558 0.558 0.558 0.558 0.558 0.558 0.558 0.558 0.558 0.558 0.558 0.558 0.558 0.558 0.558 0.558 0.558 0.558 0.558 0.558 0.558 0.558 0.558 0.558 0.558 0.558 0.558 0.558 0.558 0.558
0.558 0.558 0.558 0.558 0.558 0.558 0.558 0.558 0.558 0.558 0.558 0.558 0.558 0.558 0.558 0.558 0.558 0.558 0.558 0.558 0.558 0.558 0.558 0.558 0.558 0.558 0.558 0.558 0.558 0.558 0.558 0.558 0.558 0.558 0.558 0.558 0.558 0.558 0.558 0.558 0.558
0.558 0.558 0.558 0.558 0.558 0.558 0.558 0.558 0.558 0.558 0.558 0.558 0.558 0.558 0.558 0.558 0.558 0.558 0.558 0.558 0.558 0.558 0.558 0.558 0.558 0.558 0.558 0.558 0.558 0.558 0.558 0.558 0.558 0.558 0.558 0.558 0.558 0.558 0.558 0.558 0.558
0.558 0.558 0.558 0.558 0.558 0.558 0.558 0.558 0.558 0.558 0.558 0.558 0.558 0.558 0.558 0.558 0.558 0.558 0.558 0.558 0.558 0.558 0.558 0.558 0.558 0.558 0.558 0.558 0.558 0.558 0.558 0.558 0.558 0.558 0.558 0.558 0.558 0.558 0.558 0.558 0.558
0.558 0.558 0.558 0.558 0.558 0.558 0.558 0.558 0.558 0.558 0.558 0.558 0.558 0.558 0.558 0.558 0.558 0.558 0.558 0.558 0.558 0.558 0.558 0.558 0.558 0.558 0.558 0.558 0.558 0.558 0.558 0.558 0.558 0.558 0.558 0.558 0.558 0.558 0.558 0.558 0.558
0.558 0.558 0.558 0.558 0.558 0.558 0.558 0.558 0.558 0.558 0.558 0.558 0.558 0.558 0.558 0.558 0.558 0.558 0.558 0.558 0.558 0.558 0.558 0.558 0.558 0.558 0.558 0.558 0.558 0.558 0.558 0.558 0.558 0.558 0.558 0.558 0.558 0.558 0.558 0.558 0.558
0.558 0.558 0.558 0.558 0.558 0.558 0.558 0.558 0.558 0.558 0.558 0.558 0.558 0.558 0.558 0.558 0.558 0.558 0.558 0.558 0.558 0.558 0.558 0.558 0.558 0.558 0.558 0.558 0.558 0.558 0.558 0.558 0.558 0.558 0.558 0.558 0.558 0.558 0.558 0.558 0.558
0.558 0.558 0.558 0.558 0.558 0.558 0.558 0.558 0.558 0.558 0.558 0.558 0.558 0.558 0.558 0.558 0.558 0.558 0.558 0.558 0.558 0.558 0.558 0.558 0.558 0.558 0.558 0.558 0.558 0.558 0.558 0.558 0.558 0.558 0.558 0.558 0.558 0.558 0.558 0.558 0.558
0.558 0.558 0.558 0.558 0.558 0.558 0.558 0.558 0.558 0.558 0.558 0.558 0.558 0.558 0.558 0.558 0.558 0.558 0.558 0.558 0.558 0.558 0.558 0.558 0.558 0.558 0.558 0.558 0.558 0.558 0.558 0.558 0.558 0.558 0.558 0.558 0.558 0.558 0.558 0.558 0.558
0.558 0.558 0.558 0.558 0.558 0.558 0.558 0.558 0.558 0.558 0.558 0.558 0.558 0.558 0.558 0.558 0.558 0.558 0.558 0.558 0.558 0.558 0.558 0.558 0.558 0.558 0.558 0.558 0.558 0.558 0.558 0.558 0.558 0.558 0.558 0.558 0.558 0.558 0.558 0.558 0.558
0.558 0.558 0.558 0.558 0.558 0.558 0.558 0.558 0.558 0.558 0.558 0.558 0.558 0.558 0.558 0.558 0.558 0.558 0.558 0.558 0.558 0.558 0.558 0.558 0.558 0.558 0.558 0.558 0.558 0.558 0.558 0.558 0.558 0.558 0.558 0.558 0.558 0.558 0.558 0.558 0.558
0.558 0.558 0.558 0.558 0.558 0.558 0.558 0.558 0.558 0.558 0.558 0.558 0.558 0.558 0.558 0.558 0.558 0.558 0.558 0.558 0.558 0.558 0.558 0.558 0.558 0.558 0.558 0.558 0.558 0.558 0.558 0.558 0.558 0.558 0.558 0.558 0.558 0.558 0.558 0.558 0.558
