0.074762 0.20854 0.29217 0.3358 0.37095 0.4014 0.42873 0.45381 0.47717 0.49916 0.52002 0.53995 0.55909 0.57754 0.5954 0.61274 0.62962 0.64608 0.66219 0.67796 0.69343 0.70864 0.72361 0.73836 0.75291 0.76728 0.78149 0.79555 0.80947 0.82328 0.83698 0.85058 0.86409 0.87754 0.89091 0.90423 0.91751 0.93074 0.94395 0.95713 0.97031
0.076587 0.20984 0.29315 0.33662 0.37163 0.40196 0.42919 0.45417 0.47744 0.49934 0.52013 0.53998 0.55904 0.57742 0.59521 0.61248 0.6293 0.6457 0.66174 0.67745 0.69287 0.70802 0.72293 0.73762 0.75211 0.76643 0.78058 0.79458 0.80846 0.82221 0.83585 0.8494 0.86287 0.87626 0.88958 0.90285 0.91607 0.92926 0.94241 0.95555 0.96867
0.077831 0.20956 0.29191 0.33488 0.36949 0.39947 0.42638 0.45108 0.47408 0.49573 0.51628 0.5359 0.55475 0.57292 0.59051 0.60758 0.6242 0.64041 0.65627 0.6718 0.68704 0.70201 0.71675 0.73128 0.7456 0.75975 0.77374 0.78759 0.8013 0.8149 0.82838 0.84178 0.85509 0.86832 0.88149 0.89461 0.90768 0.92071 0.93372 0.9467 0.95967
0.078484 0.20768 0.28845 0.3306 0.36454 0.39395 0.42034 0.44457 0.46712 0.48836 0.50851 0.52776 0.54624 0.56407 0.58131 0.59806 0.61436 0.63026 0.64581 0.66105 0.67599 0.69068 0.70514 0.71938 0.73343 0.74731 0.76103 0.77461 0.78806 0.8014 0.81463 0.82776 0.84082 0.8538 0.86672 0.87958 0.8924 0.90518 0.91794 0.93067 0.94339
0.078541 0.20423 0.28281 0.3238 0.35683 0.38543 0.41111 0.43468 0.45662 0.47728 0.49689 0.51561 0.53359 0.55093 0.56771 0.584 0.59986 0.61533 0.63046 0.64528 0.65982 0.67411 0.68817 0.70203 0.7157 0.7292 0.74255 0.75576 0.76884 0.78181 0.79468 0.80746 0.82016 0.83279 0.84536 0.85787 0.87034 0.88278 0.89519 0.90758 0.91995
0.078001 0.19922 0.27501 0.31455 0.3464 0.37399 0.39876 0.42149 0.44265 0.46258 0.48149 0.49955 0.51689 0.53361 0.5498 0.56551 0.5808 0.59572 0.61031 0.6246 0.63863 0.65241 0.66598 0.67934 0.69253 0.70555 0.71842 0.73116 0.74378 0.75629 0.7687 0.78103 0.79328 0.80546 0.81758 0.82965 0.84168 0.85367 0.86564 0.87759 0.88953
0.076869 0.19271 0.26513 0.30291 0.33335 0.35971 0.38338 0.4051 0.42532 0.44436 0.46243 0.47969 0.49626 0.51224 0.5277 0.54272 0.55733 0.57159 0.58553 0.59919 0.61259 0.62576 0.63872 0.65149 0.66409 0.67654 0.68884 0.70101 0.71307 0.72503 0.73689 0.74867 0.76037 0.77201 0.78359 0.79513 0.80662 0.81808 0.82952 0.84094 0.85234
0.075153 0.18473 0.25323 0.28897 0.31776 0.3427 0.36509 0.38563 0.40476 0.42277 0.43986 0.45619 0.47186 0.48698 0.50161 0.51581 0.52963 0.54312 0.55631 0.56923 0.5819 0.59436 0.60662 0.6187 0.63062 0.64239 0.65403 0.66554 0.67695 0.68826 0.69948 0.71062 0.72169 0.7327 0.74365 0.75456 0.76544 0.77628 0.7871 0.7979 0.80869
0.072865 0.17534 0.23941 0.27283 0.29976 0.32308 0.34402 0.36323 0.38112 0.39796 0.41395 0.42922 0.44388 0.45801 0.47169 0.48497 0.4979 0.51052 0.52285 0.53493 0.54679 0.55844 0.56991 0.5812 0.59235 0.60336 0.61424 0.62501 0.63568 0.64625 0.65675 0.66717 0.67752 0.68782 0.69806 0.70827 0.71844 0.72857 0.73869 0.74879 0.75888
0.070023 0.16462 0.22376 0.25462 0.27948 0.301 0.32033 0.33807 0.35459 0.37013 0.38489 0.39898 0.41252 0.42557 0.43819 0.45046 0.46239 0.47403 0.48542 0.49657 0.50752 0.51827 0.52886 0.53929 0.54958 0.55974 0.56978 0.57973 0.58957 0.59934 0.60902 0.61864 0.6282 0.63771 0.64716 0.65658 0.66597 0.67533 0.68467 0.69399 0.70331
0.066648 0.15265 0.20642 0.23447 0.25707 0.27664 0.29421 0.31033 0.32535 0.33948 0.3529 0.36571 0.37802 0.38988 0.40136 0.41251 0.42336 0.43394 0.44429 0.45443 0.46438 0.47416 0.48378 0.49327 0.50262 0.51186 0.52099 0.53003 0.53898 0.54786 0.55667 0.56541 0.5741 0.58274 0.59134 0.5999 0.60844 0.61695 0.62544 0.63391 0.64238
0.062766 0.13952 0.1875 0.21253 0.2327 0.25016 0.26585 0.28024 0.29364 0.30625 0.31822 0.32966 0.34064 0.35122 0.36147 0.37142 0.3811 0.39055 0.39979 0.40883 0.41771 0.42644 0.43503 0.44349 0.45184 0.46008 0.46823 0.4763 0.48429 0.49221 0.50007 0.50787 0.51563 0.52334 0.53101 0.53865 0.54627 0.55386 0.56144 0.569 0.57656
0.058406 0.12532 0.16715 0.18898 0.20656 0.22178 0.23546 0.248 0.25968 0.27068 0.28112 0.29109 0.30066 0.30989 0.31882 0.3275 0.33594 0.34417 0.35223 0.36012 0.36786 0.37546 0.38295 0.39033 0.39761 0.40479 0.4119 0.41893 0.4259 0.4328 0.43966 0.44646 0.45322 0.45994 0.46663 0.4733 0.47993 0.48655 0.49316 0.49976 0.50635
0.053599 0.11016 0.14553 0.16398 0.17884 0.19171 0.20327 0.21387 0.22375 0.23305 0.24187 0.2503 0.25839 0.26619 0.27374 0.28107 0.28821 0.29517 0.30198 0.30865 0.31519 0.32162 0.32795 0.33419 0.34034 0.34642 0.35242 0.35837 0.36426 0.37009 0.37589 0.38164 0.38735 0.39304 0.39869 0.40432 0.40994 0.41553 0.42112 0.42669 0.43226
0.048384 0.094167 0.12279 0.13772 0.14975 0.16017 0.16953 0.17811 0.1861 0.19363 0.20077 0.20759 0.21414 0.22045 0.22657 0.2325 0.23828 0.24391 0.24942 0.25482 0.26012 0.26532 0.27044 0.27549 0.28047 0.28539 0.29025 0.29506 0.29983 0.30455 0.30924 0.3139 0.31852 0.32312 0.3277 0.33226 0.3368 0.34133 0.34585 0.35036 0.35487
0.042799 0.077449 0.099112 0.11041 0.11952 0.1274 0.13448 0.14098 0.14703 0.15273 0.15813 0.16329 0.16825 0.17303 0.17766 0.18215 0.18652 0.19078 0.19495 0.19904 0.20305 0.20699 0.21086 0.21468 0.21845 0.22218 0.22585 0.2295 0.2331 0.23668 0.24023 0.24375 0.24725 0.25073 0.2542 0.25765 0.26109 0.26451 0.26794 0.27135 0.27476
0.036887 0.060138 0.074674 0.082258 0.088367 0.093659 0.098409 0.10277 0.10683 0.11065 0.11428 0.11774 0.12107 0.12427 0.12738 0.13039 0.13333 0.13619 0.13899 0.14173 0.14442 0.14706 0.14966 0.15223 0.15475 0.15725 0.15972 0.16216 0.16459 0.16698 0.16937 0.17173 0.17408 0.17642 0.17874 0.18106 0.18336 0.18566 0.18796 0.19025 0.19254
0.030691 0.042363 0.04966 0.053467 0.056534 0.05919 0.061575 0.063763 0.065801 0.067719 0.06954 0.071279 0.072949 0.074559 0.076117 0.07763 0.079102 0.080539 0.081944 0.08332 0.08467 0.085997 0.087303 0.08859 0.089859 0.091113 0.092353 0.093579 0.094794 0.095999 0.097194 0.098381 0.09956 0.10073 0.1019 0.10306 0.10422 0.10537 0.10653 0.10768 0.10883
0.024261 0.024261 0.024261 0.024261 0.024261 0.024261 0.024261 0.024261 0.024261 0.024261 0.024261 0.024261 0.024261 0.024261 0.024261 0.024261 0.024261 0.024261 0.024261 0.024261 0.024261 0.024261 0.024261 0.024261 0.024261 0.024261 0.024261 0.024261 0.024261 0.024261 0.024261 0.024261 0.024261 0.024261 0.024261 0.024261 0.024261 0.024261 0.024261 0.024261 0.024261
0.017644 0.0059685 -0.0013305 -0.0051387 -0.0082064 -0.010863 -0.013249 -0.015438 -0.017476 -0.019395 -0.021216 -0.022956 -0.024626 -0.026237 -0.027795 -0.029308 -0.030781 -0.032219 -0.033624 -0.035 -0.036351 -0.037678 -0.038985 -0.040272 -0.041542 -0.042796 -0.044036 -0.045263 -0.046478 -0.047683 -0.048879 -0.050066 -0.051245 -0.052418 -0.053586 -0.054748 -0.055907 -0.057062 -0.058215 -0.059365 -0.060515
0.01089 -0.012375 -0.026919 -0.034508 -0.040621 -0.045915 -0.050669 -0.055031 -0.059093 -0.062916 -0.066545 -0.070012 -0.07334 -0.076549 -0.079655 -0.08267 -0.085605 -0.088469 -0.091269 -0.094012 -0.096704 -0.099349 -0.10195 -0.10452 -0.10705 -0.10955 -0.11202 -0.11446 -0.11688 -0.11929 -0.12167 -0.12403 -0.12638 -0.12872 -0.13105 -0.13336 -0.13567 -0.13797 -0.14027 -0.14256 -0.14486
0.0040523 -0.030628 -0.05231 -0.063622 -0.072735 -0.080627 -0.087713 -0.094215 -0.10027 -0.10597 -0.11138 -0.11655 -0.12151 -0.12629 -0.13092 -0.13542 -0.13979 -0.14406 -0.14824 -0.15233 -0.15634 -0.16028 -0.16416 -0.16798 -0.17176 -0.17548 -0.17916 -0.18281 -0.18642 -0.19 -0.19355 -0.19708 -0.20058 -0.20407 -0.20753 -0.21099 -0.21443 -0.21786 -0.22128 -0.2247 -0.22812
-0.0028183 -0.048654 -0.077309 -0.09226 -0.1043 -0.11473 -0.1241 -0.13269 -0.1407 -0.14823 -0.15538 -0.16221 -0.16877 -0.17509 -0.18121 -0.18715 -0.19293 -0.19857 -0.20409 -0.20949 -0.2148 -0.22001 -0.22514 -0.23019 -0.23517 -0.2401 -0.24497 -0.24978 -0.25456 -0.25929 -0.26398 -0.26864 -0.27327 -0.27788 -0.28246 -0.28702 -0.29157 -0.29611 -0.30063 -0.30515 -0.30966
-0.0096689 -0.066313 -0.10173 -0.1202 -0.13509 -0.14798 -0.15955 -0.17017 -0.18006 -0.18937 -0.19821 -0.20665 -0.21475 -0.22256 -0.23012 -0.23747 -0.24461 -0.25159 -0.2584 -0.26508 -0.27163 -0.27807 -0.28441 -0.29066 -0.29682 -0.3029 -0.30892 -0.31487 -0.32077 -0.32661 -0.33241 -0.33817 -0.3439 -0.34959 -0.35525 -0.36089 -0.36651 -0.37212 -0.37771 -0.38329 -0.38887
-0.016447 -0.083471 -0.12537 -0.14724 -0.16485 -0.1801 -0.19379 -0.20636 -0.21806 -0.22908 -0.23953 -0.24952 -0.25911 -0.26835 -0.2773 -0.28599 -0.29444 -0.30269 -0.31076 -0.31866 -0.32642 -0.33404 -0.34154 -0.34893 -0.35622 -0.36342 -0.37053 -0.37758 -0.38456 -0.39147 -0.39834 -0.40515 -0.41192 -0.41866 -0.42536 -0.43203 -0.43868 -0.44531 -0.45193 -0.45854 -0.46514
-0.023101 -0.099997 -0.14807 -0.17315 -0.19336 -0.21086 -0.22657 -0.24099 -0.25441 -0.26705 -0.27904 -0.2905 -0.3015 -0.31211 -0.32237 -0.33234 -0.34204 -0.35151 -0.36076 -0.36983 -0.37873 -0.38747 -0.39607 -0.40455 -0.41291 -0.42117 -0.42934 -0.43742 -0.44543 -0.45336 -0.46124 -0.46905 -0.47682 -0.48455 -0.49224 -0.4999 -0.50753 -0.51513 -0.52272 -0.5303 -0.53788
-0.02958 -0.11576 -0.16964 -0.19776 -0.2204 -0.24001 -0.25762 -0.27378 -0.28883 -0.30299 -0.31644 -0.32928 -0.34161 -0.3535 -0.365 -0.37617 -0.38704 -0.39765 -0.40803 -0.41819 -0.42816 -0.43796 -0.4476 -0.4571 -0.46648 -0.47573 -0.48489 -0.49394 -0.50292 -0.51181 -0.52064 -0.5294 -0.53811 -0.54677 -0.55538 -0.56396 -0.57252 -0.58104 -0.58955 -0.59805 -0.60653
-0.035835 -0.13065 -0.18993 -0.22086 -0.24577 -0.26735 -0.28672 -0.3045 -0.32105 -0.33664 -0.35143 -0.36555 -0.37912 -0.3922 -0.40486 -0.41714 -0.42911 -0.44078 -0.45219 -0.46337 -0.47434 -0.48512 -0.49573 -0.50618 -0.51649 -0.52668 -0.53675 -0.54671 -0.55658 -0.56637 -0.57608 -0.58572 -0.5953 -0.60483 -0.61431 -0.62375 -0.63316 -0.64254 -0.6519 -0.66124 -0.67058
-0.041817 -0.14455 -0.20877 -0.24228 -0.26927 -0.29265 -0.31364 -0.3329 -0.35084 -0.36772 -0.38374 -0.39905 -0.41375 -0.42792 -0.44163 -0.45495 -0.46791 -0.48055 -0.49292 -0.50503 -0.51691 -0.52859 -0.54009 -0.55141 -0.56259 -0.57362 -0.58453 -0.59533 -0.60602 -0.61662 -0.62714 -0.63759 -0.64797 -0.65829 -0.66856 -0.67879 -0.68898 -0.69915 -0.70929 -0.71941 -0.72953
-0.047481 -0.15734 -0.22602 -0.26186 -0.29072 -0.31572 -0.33817 -0.35877 -0.37795 -0.39601 -0.41314 -0.42951 -0.44523 -0.46038 -0.47505 -0.48929 -0.50315 -0.51667 -0.52989 -0.54284 -0.55555 -0.56804 -0.58034 -0.59245 -0.6044 -0.6162 -0.62787 -0.63941 -0.65085 -0.66219 -0.67344 -0.68461 -0.69571 -0.70674 -0.71773 -0.72867 -0.73957 -0.75044 -0.76128 -0.77211 -0.78293
-0.052784 -0.16894 -0.24156 -0.27944 -0.30996 -0.3364 -0.36013 -0.38191 -0.40219 -0.42128 -0.4394 -0.4567 -0.47332 -0.48934 -0.50485 -0.5199 -0.53456 -0.54885 -0.56284 -0.57653 -0.58997 -0.60317 -0.61617 -0.62898 -0.64161 -0.65409 -0.66642 -0.67863 -0.69072 -0.70271 -0.7146 -0.72641 -0.73815 -0.74982 -0.76143 -0.773 -0.78453 -0.79602 -0.80748 -0.81893 -0.83037
-0.057685 -0.17925 -0.25525 -0.2949 -0.32684 -0.35451 -0.37935 -0.40214 -0.42336 -0.44334 -0.46231 -0.48042 -0.49781 -0.51458 -0.53081 -0.54656 -0.5619 -0.57686 -0.59149 -0.60583 -0.61989 -0.63371 -0.64731 -0.66072 -0.67394 -0.687 -0.69991 -0.71268 -0.72534 -0.73788 -0.75033 -0.76269 -0.77497 -0.78719 -0.79934 -0.81145 -0.82351 -0.83554 -0.84754 -0.85952 -0.87149
-0.062147 -0.1882 -0.267 -0.30811 -0.34123 -0.36992 -0.39567 -0.41931 -0.44132 -0.46203 -0.48169 -0.50048 -0.51851 -0.53589 -0.55272 -0.56906 -0.58496 -0.60048 -0.61565 -0.63051 -0.64509 -0.65942 -0.67353 -0.68742 -0.70113 -0.71467 -0.72806 -0.74131 -0.75443 -0.76744 -0.78035 -0.79316 -0.8059 -0.81856 -0.83117 -0.84372 -0.85622 -0.8687 -0.88114 -0.89356 -0.90598
-0.066136 -0.19571 -0.27672 -0.31898 -0.35303 -0.38252 -0.40899 -0.43328 -0.45591 -0.4772 -0.49742 -0.51672 -0.53526 -0.55313 -0.57043 -0.58722 -0.60357 -0.61952 -0.63512 -0.65039 -0.66538 -0.68011 -0.69461 -0.7089 -0.72299 -0.73691 -0.75067 -0.76429 -0.77778 -0.79115 -0.80442 -0.81759 -0.83069 -0.8437 -0.85666 -0.86956 -0.88242 -0.89524 -0.90803 -0.9208 -0.93356
-0.06962 -0.20173 -0.28433 -0.32742 -0.36213 -0.3922 -0.41919 -0.44396 -0.46703 -0.48874 -0.50935 -0.52903 -0.54793 -0.56615 -0.58379 -0.60091 -0.61758 -0.63384 -0.64975 -0.66532 -0.68061 -0.69563 -0.71041 -0.72497 -0.73934 -0.75353 -0.76756 -0.78145 -0.7952 -0.80884 -0.82236 -0.8358 -0.84915 -0.86242 -0.87563 -0.88878 -0.90189 -0.91496 -0.92801 -0.94103 -0.95404
-0.072575 -0.20622 -0.28977 -0.33336 -0.36848 -0.39889 -0.4262 -0.45125 -0.47459 -0.49655 -0.5174 -0.53731 -0.55643 -0.57487 -0.59271 -0.61003 -0.62689 -0.64334 -0.65943 -0.67518 -0.69064 -0.70584 -0.72079 -0.73553 -0.75006 -0.76442 -0.77861 -0.79266 -0.80657 -0.82036 -0.83405 -0.84764 -0.86114 -0.87457 -0.88793 -0.90124 -0.9145 -0.92772 -0.94091 -0.95409 -0.96725
-0.074976 -0.20913 -0.29301 -0.33677 -0.37202 -0.40255 -0.42996 -0.45511 -0.47854 -0.50059 -0.52151 -0.5415 -0.56069 -0.5792 -0.59711 -0.6145 -0.63142 -0.64794 -0.66408 -0.6799 -0.69542 -0.71068 -0.72569 -0.74048 -0.75507 -0.76948 -0.78373 -0.79783 -0.81179 -0.82564 -0.83938 -0.85302 -0.86657 -0.88005 -0.89347 -0.90682 -0.92014 -0.93341 -0.94665 -0.95988 -0.97309
-0.076807 -0.21046 -0.29401 -0.33761 -0.37272 -0.40314 -0.43045 -0.4555 -0.47884 -0.50081 -0.52165 -0.54157 -0.56068 -0.57912 -0.59696 -0.61429 -0.63115 -0.6476 -0.66368 -0.67944 -0.6949 -0.7101 -0.72505 -0.73979 -0.75432 -0.76868 -0.78288 -0.79692 -0.81083 -0.82463 -0.83831 -0.8519 -0.86541 -0.87883 -0.8922 -0.90551 -0.91877 -0.93199 -0.94518 -0.95836 -0.97152
-0.078053 -0.21018 -0.29278 -0.33587 -0.37059 -0.40066 -0.42765 -0.45243 -0.47549 -0.49721 -0.51782 -0.53751 -0.55641 -0.57463 -0.59227 -0.60939 -0.62606 -0.64233 -0.65823 -0.67381 -0.68909 -0.70411 -0.7189 -0.73346 -0.74784 -0.76203 -0.77606 -0.78995 -0.8037 -0.81734 -0.83086 -0.8443 -0.85765 -0.87092 -0.88413 -0.89729 -0.9104 -0.92347 -0.93652 -0.94954 -0.96255
-0.078704 -0.2083 -0.28931 -0.33158 -0.36563 -0.39513 -0.42161 -0.4459 -0.46853 -0.48983 -0.51004 -0.52935 -0.54789 -0.56577 -0.58307 -0.59986 -0.61621 -0.63216 -0.64776 -0.66304 -0.67803 -0.69277 -0.70727 -0.72155 -0.73565 -0.74957 -0.76333 -0.77695 -0.79044 -0.80382 -0.81709 -0.83026 -0.84336 -0.85638 -0.86934 -0.88224 -0.8951 -0.90792 -0.92071 -0.93349 -0.94625
-0.078756 -0.20483 -0.28365 -0.32477 -0.35789 -0.38659 -0.41235 -0.43598 -0.45799 -0.47872 -0.49838 -0.51717 -0.5352 -0.55259 -0.56942 -0.58576 -0.60167 -0.61719 -0.63236 -0.64722 -0.66181 -0.67614 -0.69025 -0.70415 -0.71786 -0.7314 -0.74479 -0.75804 -0.77117 -0.78418 -0.79709 -0.80991 -0.82265 -0.83531 -0.84792 -0.86047 -0.87298 -0.88545 -0.8979 -0.91033 -0.92274
-0.078208 -0.1998 -0.27582 -0.31548 -0.34743 -0.3751 -0.39995 -0.42274 -0.44397 -0.46396 -0.48292 -0.50104 -0.51844 -0.53521 -0.55144 -0.5672 -0.58254 -0.59751 -0.61214 -0.62648 -0.64055 -0.65437 -0.66798 -0.68138 -0.69461 -0.70767 -0.72058 -0.73336 -0.74602 -0.75857 -0.77102 -0.78338 -0.79567 -0.80788 -0.82004 -0.83215 -0.84421 -0.85625 -0.86825 -0.88023 -0.89221
-0.077064 -0.19325 -0.26589 -0.30379 -0.33432 -0.36076 -0.3845 -0.40628 -0.42657 -0.44567 -0.46379 -0.4811 -0.49772 -0.51375 -0.52926 -0.54432 -0.55898 -0.57328 -0.58726 -0.60096 -0.61441 -0.62762 -0.64061 -0.65342 -0.66606 -0.67854 -0.69088 -0.70309 -0.71519 -0.72718 -0.73908 -0.75089 -0.76263 -0.7743 -0.78592 -0.79749 -0.80902 -0.82052 -0.83199 -0.84344 -0.85488
-0.075334 -0.18523 -0.25394 -0.28978 -0.31866 -0.34367 -0.36613 -0.38673 -0.40592 -0.42398 -0.44112 -0.4575 -0.47322 -0.48838 -0.50305 -0.51729 -0.53116 -0.54469 -0.55791 -0.57087 -0.58359 -0.59608 -0.60838 -0.62049 -0.63245 -0.64425 -0.65592 -0.66747 -0.67891 -0.69025 -0.70151 -0.71268 -0.72379 -0.73483 -0.74582 -0.75676 -0.76766 -0.77854 -0.78939 -0.80022 -0.81104
-0.07303 -0.1758 -0.24005 -0.27357 -0.30058 -0.32397 -0.34496 -0.36423 -0.38218 -0.39907 -0.4151 -0.43041 -0.44511 -0.45929 -0.47301 -0.48633 -0.49929 -0.51195 -0.52431 -0.53643 -0.54832 -0.56001 -0.5715 -0.58284 -0.59401 -0.60505 -0.61597 -0.62677 -0.63747 -0.64807 -0.6586 -0.66905 -0.67943 -0.68976 -0.70003 -0.71027 -0.72046 -0.73063 -0.74078 -0.75091 -0.76103
-0.07017 -0.16503 -0.22434 -0.25528 -0.28021 -0.30179 -0.32118 -0.33896 -0.35552 -0.37112 -0.38591 -0.40005 -0.41362 -0.4267 -0.43937 -0.45166 -0.46363 -0.47531 -0.48672 -0.49791 -0.50888 -0.51967 -0.53028 -0.54074 -0.55106 -0.56125 -0.57132 -0.58129 -0.59117 -0.60096 -0.61067 -0.62032 -0.6299 -0.63943 -0.64892 -0.65836 -0.66778 -0.67716 -0.68653 -0.69588 -0.70522
-0.066776 -0.15301 -0.20692 -0.23504 -0.2577 -0.27732 -0.29494 -0.31111 -0.32617 -0.34034 -0.35379 -0.36664 -0.37897 -0.39087 -0.40238 -0.41356 -0.42444 -0.43505 -0.44543 -0.4556 -0.46557 -0.47538 -0.48502 -0.49453 -0.50391 -0.51317 -0.52233 -0.53139 -0.54037 -0.54927 -0.5581 -0.56687 -0.57558 -0.58424 -0.59286 -0.60145 -0.61001 -0.61854 -0.62705 -0.63555 -0.64404
-0.062874 -0.13982 -0.18792 -0.21302 -0.23323 -0.25075 -0.26647 -0.28089 -0.29433 -0.30697 -0.31897 -0.33044 -0.34145 -0.35206 -0.36233 -0.3723 -0.38201 -0.39148 -0.40074 -0.40981 -0.41872 -0.42746 -0.43607 -0.44456 -0.45292 -0.46119 -0.46936 -0.47745 -0.48546 -0.4934 -0.50128 -0.5091 -0.51687 -0.52461 -0.5323 -0.53996 -0.5476 -0.55521 -0.5628 -0.57039 -0.57797
-0.058494 -0.12556 -0.16749 -0.18937 -0.20699 -0.22226 -0.23596 -0.24854 -0.26025 -0.27127 -0.28173 -0.29173 -0.30132 -0.31057 -0.31953 -0.32822 -0.33668 -0.34494 -0.35301 -0.36092 -0.36868 -0.3763 -0.38381 -0.3912 -0.39849 -0.4057 -0.41282 -0.41987 -0.42685 -0.43378 -0.44064 -0.44746 -0.45424 -0.46098 -0.46768 -0.47436 -0.48102 -0.48765 -0.49427 -0.50089 -0.50749
-0.053668 -0.11036 -0.14579 -0.16429 -0.17918 -0.19208 -0.20366 -0.21429 -0.22419 -0.23351 -0.24235 -0.25079 -0.2589 -0.26672 -0.27429 -0.28164 -0.28879 -0.29577 -0.30259 -0.30927 -0.31583 -0.32228 -0.32862 -0.33487 -0.34103 -0.34712 -0.35314 -0.3591 -0.365 -0.37085 -0.37666 -0.38242 -0.38815 -0.39384 -0.39951 -0.40516 -0.41078 -0.41639 -0.42199 -0.42757 -0.43316
-0.048435 -0.094308 -0.12299 -0.13795 -0.15 -0.16044 -0.16982 -0.17842 -0.18643 -0.19397 -0.20112 -0.20796 -0.21452 -0.22085 -0.22697 -0.23292 -0.2387 -0.24435 -0.24987 -0.25528 -0.26059 -0.2658 -0.27094 -0.27599 -0.28098 -0.28591 -0.29078 -0.2956 -0.30038 -0.30511 -0.30981 -0.31448 -0.31911 -0.32372 -0.32831 -0.33287 -0.33743 -0.34196 -0.34649 -0.35101 -0.35553
-0.042833 -0.077545 -0.099246 -0.11057 -0.11969 -0.12759 -0.13468 -0.14119 -0.14725 -0.15295 -0.15837 -0.16354 -0.16851 -0.17329 -0.17793 -0.18243 -0.18681 -0.19108 -0.19526 -0.19935 -0.20337 -0.20731 -0.2112 -0.21502 -0.2188 -0.22253 -0.22621 -0.22986 -0.23348 -0.23706 -0.24061 -0.24414 -0.24765 -0.25114 -0.25461 -0.25806 -0.26151 -0.26494 -0.26837 -0.27179 -0.27521
-0.036907 -0.060194 -0.074752 -0.082348 -0.088467 -0.093767 -0.098525 -0.10289 -0.10696 -0.11078 -0.11442 -0.11789 -0.12122 -0.12443 -0.12754 -0.13056 -0.13349 -0.13636 -0.13916 -0.14191 -0.1446 -0.14725 -0.14986 -0.15242 -0.15496 -0.15746 -0.15993 -0.16238 -0.1648 -0.16721 -0.16959 -0.17196 -0.17431 -0.17665 -0.17898 -0.1813 -0.18361 -0.18591 -0.18821 -0.19051 -0.1928
-0.0307 -0.042387 -0.049694 -0.053506 -0.056576 -0.059236 -0.061624 -0.063815 -0.065856 -0.067777 -0.0696 -0.071341 -0.073013 -0.074625 -0.076185 -0.0777 -0.079174 -0.080613 -0.08202 -0.083397 -0.08475 -0.086078 -0.087386 -0.088674 -0.089946 -0.091201 -0.092442 -0.093671 -0.094887 -0.096093 -0.09729 -0.098478 -0.099659 -0.10083 -0.102 -0.10317 -0.10433 -0.10548 -0.10664 -0.10779 -0.10894
-0.024261 -0.024261 -0.024261 -0.024261 -0.024261 -0.024261 -0.024261 -0.024261 -0.024261 -0.024261 -0.024261 -0.024261 -0.024261 -0.024261 -0.024261 -0.024261 -0.024261 -0.024261 -0.024261 -0.024261 -0.024261 -0.024261 -0.024261 -0.024261 -0.024261 -0.024261 -0.024261 -0.024261 -0.024261 -0.024261 -0.024261 -0.024261 -0.024261 -0.024261 -0.024261 -0.024261 -0.024261 -0.024261 -0.024261 -0.024261 -0.024261
-0.017638 -0.0059537 0.0013513 0.0051626 0.0082328 0.010892 0.013279 0.01547 0.01751 0.019431 0.021253 0.022994 0.024666 0.026278 0.027838 0.029352 0.030826 0.032264 0.033671 0.035048 0.0364 0.037729 0.039036 0.040324 0.041595 0.04285 0.044091 0.045319 0.046536 0.047742 0.048938 0.050126 0.051307 0.052481 0.053649 0.054813 0.055972 0.057128 0.058282 0.059433 0.060584
-0.010883 0.012395 0.026947 0.03454 0.040656 0.045954 0.05071 0.055074 0.059139 0.062965 0.066596 0.070064 0.073394 0.076605 0.079712 0.082729 0.085666 0.088531 0.091333 0.094078 0.096771 0.099417 0.10202 0.10459 0.10712 0.10962 0.11209 0.11454 0.11696 0.11936 0.12175 0.12411 0.12647 0.12881 0.13113 0.13345 0.13576 0.13806 0.14036 0.14266 0.14495
-0.0040466 0.030644 0.052332 0.063648 0.072763 0.080658 0.087746 0.09425 0.10031 0.10601 0.11142 0.11659 0.12155 0.12634 0.13097 0.13546 0.13984 0.14411 0.14829 0.15238 0.15639 0.16033 0.16422 0.16804 0.17181 0.17554 0.17922 0.18287 0.18648 0.19006 0.19361 0.19714 0.20065 0.20413 0.2076 0.21105 0.2145 0.21793 0.22135 0.22477 0.22819
0.0028189 0.048656 0.077312 0.092263 0.10431 0.11474 0.1241 0.1327 0.1407 0.14823 0.15538 0.16221 0.16877 0.17509 0.18121 0.18715 0.19294 0.19858 0.2041 0.2095 0.2148 0.22001 0.22514 0.2302 0.23518 0.24011 0.24497 0.24979 0.25456 0.25929 0.26399 0.26865 0.27328 0.27788 0.28247 0.28703 0.29158 0.29611 0.30064 0.30516 0.30967
0.0096612 0.066292 0.1017 0.12017 0.13505 0.14794 0.15951 0.17012 0.18001 0.18932 0.19815 0.20659 0.21469 0.2225 0.23006 0.2374 0.24455 0.25152 0.25834 0.26501 0.27156 0.278 0.28434 0.29058 0.29674 0.30282 0.30884 0.31479 0.32069 0.32653 0.33233 0.33809 0.34381 0.3495 0.35516 0.3608 0.36642 0.37202 0.37761 0.3832 0.38877
0.016428 0.083419 0.1253 0.14715 0.16475 0.18 0.19369 0.20624 0.21794 0.22895 0.2394 0.24938 0.25897 0.26821 0.27715 0.28583 0.29428 0.30253 0.31059 0.31849 0.32624 0.33386 0.34135 0.34874 0.35603 0.36322 0.37034 0.37738 0.38435 0.39126 0.39812 0.40493 0.4117 0.41843 0.42513 0.4318 0.43845 0.44508 0.45169 0.45829 0.46489
0.023068 0.099905 0.14794 0.173 0.19319 0.21068 0.22638 0.24079 0.2542 0.26683 0.27882 0.29026 0.30126 0.31185 0.32211 0.33207 0.34176 0.35122 0.36047 0.36953 0.37842 0.38716 0.39575 0.40422 0.41258 0.42084 0.429 0.43707 0.44507 0.453 0.46087 0.46868 0.47644 0.48416 0.49185 0.4995 0.50712 0.51472 0.52231 0.52988 0.53745
0.029531 0.11563 0.16945 0.19753 0.22016 0.23975 0.25734 0.27348 0.28852 0.30267 0.3161 0.32892 0.34124 0.35312 0.36461 0.37577 0.38663 0.39723 0.40759 0.41774 0.4277 0.43749 0.44712 0.45662 0.46598 0.47523 0.48437 0.49342 0.50238 0.51127 0.52008 0.52884 0.53754 0.54619 0.5548 0.56337 0.57191 0.58043 0.58893 0.59742 0.60589
0.035768 0.13046 0.18967 0.22055 0.24544 0.26699 0.28634 0.30409 0.32062 0.33619 0.35096 0.36507 0.37862 0.39168 0.40432 0.41659 0.42854 0.4402 0.4516 0.46276 0.47372 0.48448 0.49508 0.50552 0.51582 0.52599 0.53605 0.546 0.55586 0.56563 0.57533 0.58496 0.59452 0.60404 0.61351 0.62294 0.63233 0.6417 0.65105 0.66038 0.66971
0.041731 0.14431 0.20843 0.24189 0.26884 0.29219 0.31314 0.33237 0.35028 0.36714 0.38314 0.39843 0.4131 0.42725 0.44094 0.45424 0.46718 0.4798 0.49215 0.50424 0.51611 0.52777 0.53925 0.55056 0.56172 0.57273 0.58363 0.59441 0.60509 0.61567 0.62618 0.6366 0.64697 0.65727 0.66753 0.67774 0.68792 0.69807 0.7082 0.71831 0.72841
0.047375 0.15704 0.22561 0.26138 0.2902 0.31515 0.33756 0.35812 0.37727 0.3953 0.4124 0.42874 0.44443 0.45956 0.4742 0.48842 0.50225 0.51575 0.52895 0.54188 0.55457 0.56704 0.57931 0.5914 0.60333 0.61511 0.62676 0.63828 0.6497 0.66102 0.67225 0.6834 0.69448 0.7055 0.71646 0.72738 0.73826 0.74912 0.75994 0.77075 0.78155
0.052658 0.16859 0.24106 0.27888 0.30934 0.33572 0.35941 0.38114 0.40138 0.42044 0.43852 0.45579 0.47238 0.48837 0.50384 0.51887 0.53349 0.54776 0.56172 0.57539 0.5888 0.60198 0.61495 0.62773 0.64034 0.65279 0.6651 0.67729 0.68936 0.70132 0.71319 0.72498 0.73669 0.74834 0.75993 0.77147 0.78298 0.79445 0.80589 0.81732 0.82874
0.05754 0.17884 0.25468 0.29425 0.32612 0.35373 0.37851 0.40125 0.42243 0.44237 0.46129 0.47937 0.49672 0.51345 0.52965 0.54537 0.56067 0.57561 0.59021 0.60451 0.61854 0.63233 0.64591 0.65928 0.67247 0.6855 0.69839 0.71114 0.72376 0.73628 0.7487 0.76104 0.77329 0.78548 0.79761 0.80969 0.82173 0.83373 0.8457 0.85766 0.8696
0.061984 0.18774 0.26636 0.30738 0.34042 0.36904 0.39474 0.41831 0.44027 0.46094 0.48056 0.49929 0.51728 0.53463 0.55142 0.56772 0.58358 0.59906 0.6142 0.62903 0.64358 0.65787 0.67194 0.68581 0.69949 0.713 0.72635 0.73957 0.75266 0.76564 0.77852 0.7913 0.80401 0.81664 0.82922 0.84174 0.85422 0.86666 0.87907 0.89147 0.90385
0.065956 0.19521 0.27601 0.31817 0.35213 0.38155 0.40796 0.43219 0.45476 0.476 0.49616 0.51542 0.53391 0.55174 0.569 0.58575 0.60205 0.61796 0.63352 0.64876 0.66371 0.67841 0.69287 0.70712 0.72118 0.73506 0.74879 0.76237 0.77583 0.78917 0.8024 0.81555 0.8286 0.84159 0.85452 0.86738 0.88021 0.893 0.90576 0.9185 0.93123
0.069426 0.20119 0.28357 0.32655 0.36117 0.39115 0.41808 0.44278 0.46579 0.48744 0.508 0.52763 0.54648 0.56465 0.58225 0.59932 0.61595 0.63217 0.64802 0.66356 0.6788 0.69378 0.70853 0.72305 0.73739 0.75154 0.76553 0.77938 0.7931 0.8067 0.82019 0.83359 0.8469 0.86014 0.87331 0.88643 0.89951 0.91255 0.92555 0.93854 0.95152
0.072369 0.20564 0.28897 0.33244 0.36746 0.39779 0.42502 0.45001 0.47328 0.49518 0.51597 0.53583 0.55489 0.57328 0.59107 0.60834 0.62516 0.64156 0.6576 0.67332 0.68874 0.70389 0.7188 0.73349 0.74799 0.76231 0.77646 0.79047 0.80434 0.8181 0.83174 0.84529 0.85876 0.87215 0.88548 0.89875 0.91197 0.92516 0.93832 0.95145 0.96458
