-0.024261 -0.024261 -0.024261 -0.024261 -0.024261 -0.024261 -0.024261 -0.024261 -0.024261 -0.024261 -0.024261 -0.024261 -0.024261 -0.024261 -0.024261 -0.024261 -0.024261 -0.024261 -0.024261 -0.024261 -0.024261 -0.024261 -0.024261 -0.024261 -0.024261 -0.024261 -0.024261 -0.024261 -0.024261 -0.024261 -0.024261 -0.024261 -0.024261 -0.024261 -0.024261 -0.024261 -0.024261 -0.024261 -0.024261 -0.024261 -0.024261
-0.017653 -0.0059945 0.0012941 0.0050968 0.0081601 0.010813 0.013195 0.015381 0.017417 0.019333 0.021152 0.022889 0.024556 0.026165 0.027721 0.029232 0.030703 0.032138 0.033541 0.034916 0.036264 0.03759 0.038894 0.04018 0.041448 0.0427 0.043938 0.045164 0.046377 0.04758 0.048774 0.04996 0.051138 0.052309 0.053475 0.054635 0.055792 0.056946 0.058097 0.059246 0.060394
-0.010911 0.012316 0.026837 0.034413 0.040516 0.045802 0.050548 0.054903 0.058958 0.062776 0.066399 0.069859 0.073182 0.076386 0.079487 0.082497 0.085428 0.088287 0.091082 0.093821 0.096508 0.099149 0.10175 0.10431 0.10683 0.10933 0.1118 0.11424 0.11666 0.11905 0.12143 0.12379 0.12614 0.12847 0.1308 0.13311 0.13541 0.13771 0.14 0.14229 0.14458
-0.004087 0.030532 0.052174 0.063466 0.072562 0.080441 0.087514 0.094004 0.10005 0.10574 0.11114 0.1163 0.12125 0.12602 0.13065 0.13513 0.1395 0.14376 0.14793 0.15201 0.15602 0.15995 0.16382 0.16764 0.17141 0.17513 0.1788 0.18244 0.18604 0.18962 0.19316 0.19668 0.20018 0.20366 0.20712 0.21057 0.214 0.21743 0.22084 0.22426 0.22767
0.0027686 0.048515 0.077115 0.092037 0.10406 0.11447 0.12381 0.13239 0.14038 0.1479 0.15503 0.16185 0.16839 0.1747 0.18081 0.18674 0.19251 0.19814 0.20365 0.20904 0.21434 0.21954 0.22466 0.2297 0.23467 0.23959 0.24445 0.24925 0.25402 0.25874 0.26342 0.26807 0.2727 0.27729 0.28187 0.28642 0.29096 0.29549 0.3 0.30451 0.30902
0.0096036 0.066131 0.10147 0.11991 0.13476 0.14763 0.15918 0.16977 0.17964 0.18893 0.19775 0.20617 0.21426 0.22206 0.2296 0.23693 0.24406 0.25102 0.25782 0.26449 0.27103 0.27746 0.28378 0.29001 0.29616 0.30223 0.30824 0.31418 0.32006 0.3259 0.33168 0.33743 0.34314 0.34882 0.35447 0.3601 0.36571 0.3713 0.37689 0.38246 0.38802
0.016366 0.083246 0.12506 0.14687 0.16444 0.17967 0.19333 0.20587 0.21755 0.22854 0.23897 0.24893 0.2585 0.26773 0.27666 0.28532 0.29376 0.30199 0.31004 0.31793 0.32567 0.33327 0.34075 0.34813 0.3554 0.36259 0.36969 0.37672 0.38368 0.39058 0.39743 0.40423 0.41099 0.41771 0.42439 0.43105 0.43769 0.44431 0.45091 0.4575 0.46409
0.023005 0.09973 0.1477 0.17272 0.19288 0.21034 0.22602 0.2404 0.2538 0.26641 0.27838 0.28981 0.30078 0.31137 0.32161 0.33155 0.34123 0.35068 0.35991 0.36896 0.37784 0.38656 0.39514 0.4036 0.41195 0.42019 0.42834 0.4364 0.44439 0.45231 0.46016 0.46796 0.47571 0.48342 0.4911 0.49873 0.50635 0.51394 0.52151 0.52908 0.53663
0.029471 0.11546 0.16922 0.19726 0.21986 0.23943 0.25699 0.27312 0.28813 0.30226 0.31567 0.32849 0.34079 0.35265 0.36413 0.37527 0.38612 0.3967 0.40705 0.41719 0.42714 0.43692 0.44654 0.45602 0.46537 0.47461 0.48374 0.49278 0.50173 0.5106 0.51941 0.52815 0.53684 0.54548 0.55407 0.56264 0.57117 0.57968 0.58817 0.59664 0.60511
0.035713 0.13031 0.18945 0.22031 0.24517 0.26669 0.28602 0.30376 0.32028 0.33582 0.35058 0.36467 0.37821 0.39126 0.40388 0.41615 0.42808 0.43972 0.45111 0.46226 0.47321 0.48396 0.49455 0.50498 0.51527 0.52543 0.53547 0.54542 0.55526 0.56503 0.57471 0.58433 0.59389 0.6034 0.61285 0.62227 0.63166 0.64102 0.65036 0.65968 0.669
0.041685 0.14418 0.20825 0.24169 0.26862 0.29194 0.31288 0.3321 0.34999 0.36684 0.38283 0.3981 0.41276 0.4269 0.44058 0.45386 0.46679 0.47941 0.49175 0.50383 0.51569 0.52734 0.53881 0.55011 0.56126 0.57227 0.58315 0.59392 0.60459 0.61517 0.62567 0.63609 0.64644 0.65674 0.66699 0.67719 0.68736 0.6975 0.70762 0.71772 0.72782
0.047342 0.15695 0.22548 0.26123 0.29003 0.31497 0.33737 0.35792 0.37706 0.39507 0.41217 0.4285 0.44418 0.4593 0.47394 0.48814 0.50197 0.51546 0.52866 0.54158 0.55426 0.56672 0.57898 0.59107 0.60299 0.61477 0.62641 0.63793 0.64934 0.66065 0.67187 0.68302 0.69409 0.7051 0.71606 0.72698 0.73785 0.7487 0.75952 0.77032 0.78112
0.05264 0.16853 0.24099 0.27879 0.30924 0.33562 0.3593 0.38103 0.40126 0.42031 0.43839 0.45566 0.47224 0.48822 0.5037 0.51872 0.53334 0.5476 0.56155 0.57522 0.58863 0.6018 0.61477 0.62755 0.64015 0.6526 0.66491 0.67709 0.68916 0.70112 0.71298 0.72477 0.73648 0.74812 0.75971 0.77125 0.78275 0.79422 0.80566 0.81708 0.82849
0.057538 0.17884 0.25467 0.29424 0.32611 0.35372 0.3785 0.40124 0.42242 0.44236 0.46128 0.47936 0.49671 0.51344 0.52963 0.54536 0.56066 0.57559 0.59019 0.60449 0.61853 0.63232 0.64589 0.65926 0.67246 0.68549 0.69837 0.71112 0.72375 0.73626 0.74868 0.76102 0.77327 0.78546 0.79759 0.80967 0.8217 0.83371 0.84568 0.85764 0.86958
0.062 0.18779 0.26643 0.30745 0.34051 0.36913 0.39483 0.41842 0.44038 0.46105 0.48067 0.49941 0.51741 0.53476 0.55155 0.56786 0.58372 0.59921 0.61435 0.62918 0.64373 0.65803 0.67211 0.68597 0.69966 0.71317 0.72653 0.73975 0.75284 0.76582 0.7787 0.79149 0.8042 0.81684 0.82942 0.84194 0.85442 0.86687 0.87929 0.89168 0.90407
0.065992 0.19531 0.27615 0.31833 0.35231 0.38174 0.40816 0.43241 0.45499 0.47624 0.49641 0.51568 0.53418 0.55202 0.56928 0.58604 0.60236 0.61827 0.63384 0.64909 0.66405 0.67875 0.69322 0.70748 0.72154 0.73543 0.74917 0.76276 0.77622 0.78956 0.80281 0.81595 0.82902 0.84201 0.85494 0.86782 0.88065 0.89345 0.90621 0.91896 0.93169
0.069481 0.20134 0.28378 0.32679 0.36144 0.39145 0.41839 0.44312 0.46614 0.48781 0.50838 0.52803 0.54689 0.56508 0.58268 0.59978 0.61641 0.63264 0.64851 0.66406 0.67932 0.69431 0.70906 0.7236 0.73794 0.75211 0.76611 0.77997 0.7937 0.80731 0.82081 0.83422 0.84754 0.86079 0.87397 0.8871 0.90019 0.91323 0.92625 0.93925 0.95223
0.072443 0.20585 0.28925 0.33277 0.36782 0.39818 0.42544 0.45045 0.47375 0.49567 0.51648 0.53636 0.55544 0.57385 0.59166 0.60895 0.62578 0.6422 0.65826 0.67399 0.68942 0.70459 0.71951 0.73422 0.74873 0.76306 0.77723 0.79125 0.80514 0.81891 0.83257 0.84613 0.85961 0.87302 0.88636 0.89964 0.91288 0.92608 0.93925 0.9524 0.96553
0.074853 0.20879 0.29253 0.33621 0.37141 0.40189 0.42925 0.45436 0.47775 0.49976 0.52066 0.54061 0.55977 0.57825 0.59613 0.61349 0.63039 0.64687 0.66299 0.67879 0.69428 0.70951 0.72449 0.73926 0.75383 0.76822 0.78244 0.79652 0.81046 0.82428 0.838 0.85162 0.86515 0.87861 0.892 0.90533 0.91862 0.93188 0.9451 0.9583 0.97149
0.076694 0.21014 0.29357 0.3371 0.37216 0.40253 0.4298 0.45482 0.47812 0.50005 0.52087 0.54075 0.55984 0.57825 0.59606 0.61336 0.63019 0.64662 0.66268 0.67842 0.69386 0.70903 0.72396 0.73867 0.75319 0.76752 0.78169 0.79572 0.80961 0.82338 0.83705 0.85062 0.8641 0.87751 0.89085 0.90414 0.91738 0.93058 0.94376 0.95691 0.97005
0.077951 0.20989 0.29238 0.33542 0.37008 0.40011 0.42707 0.45181 0.47484 0.49653 0.51711 0.53677 0.55564 0.57384 0.59146 0.60856 0.6252 0.64145 0.65733 0.67288 0.68815 0.70315 0.71791 0.73246 0.74681 0.76098 0.77499 0.78886 0.8026 0.81621 0.82972 0.84314 0.85647 0.86973 0.88292 0.89606 0.90915 0.9222 0.93523 0.94823 0.96123
0.078614 0.20804 0.28896 0.33118 0.36519 0.39464 0.42109 0.44535 0.46795 0.48923 0.50941 0.5287 0.54721 0.56507 0.58235 0.59912 0.61545 0.63138 0.64696 0.66222 0.6772 0.69191 0.70639 0.72066 0.73474 0.74864 0.76239 0.77599 0.78947 0.80282 0.81608 0.82924 0.84231 0.85532 0.86826 0.88115 0.89399 0.9068 0.91957 0.93233 0.94508
0.078677 0.20461 0.28334 0.32442 0.35751 0.38617 0.4119 0.43551 0.45749 0.47819 0.49784 0.5166 0.53461 0.55199 0.5688 0.58512 0.60101 0.61651 0.63167 0.64651 0.66108 0.6754 0.68949 0.70337 0.71707 0.7306 0.74397 0.75721 0.77032 0.78332 0.79621 0.80901 0.82174 0.83439 0.84698 0.85952 0.87202 0.88448 0.89691 0.90932 0.92172
0.078141 0.19962 0.27556 0.31518 0.3471 0.37474 0.39956 0.42234 0.44355 0.46351 0.48246 0.50056 0.51794 0.53469 0.55091 0.56665 0.58198 0.59693 0.61155 0.62587 0.63993 0.65374 0.66733 0.68072 0.69394 0.70698 0.71989 0.73265 0.7453 0.75783 0.77027 0.78262 0.7949 0.8071 0.81925 0.83134 0.8434 0.85542 0.86741 0.87938 0.89134
0.077009 0.1931 0.26567 0.30354 0.33404 0.36046 0.38418 0.40595 0.42622 0.4453 0.46341 0.4807 0.49731 0.51332 0.52882 0.54387 0.55851 0.5728 0.58678 0.60046 0.61389 0.62709 0.64008 0.65288 0.66551 0.67798 0.69031 0.70251 0.71459 0.72657 0.73846 0.75026 0.76199 0.77366 0.78526 0.79682 0.80834 0.81983 0.83129 0.84273 0.85416
0.07529 0.18511 0.25376 0.28959 0.31844 0.34343 0.36587 0.38646 0.40563 0.42368 0.44081 0.45718 0.47289 0.48804 0.5027 0.51693 0.53078 0.5443 0.55752 0.57047 0.58317 0.59566 0.60795 0.62005 0.632 0.6438 0.65546 0.667 0.67843 0.68977 0.70101 0.71218 0.72327 0.73431 0.74529 0.75622 0.76712 0.77798 0.78883 0.79965 0.81046
0.072996 0.17571 0.23992 0.27342 0.30041 0.32378 0.34477 0.36402 0.38196 0.39884 0.41486 0.43016 0.44486 0.45902 0.47274 0.48605 0.49901 0.51165 0.52401 0.53612 0.548 0.55968 0.57117 0.5825 0.59367 0.6047 0.61561 0.6264 0.6371 0.6477 0.65821 0.66866 0.67903 0.68935 0.69962 0.70985 0.72004 0.7302 0.74034 0.75047 0.76058
0.070145 0.16496 0.22424 0.25517 0.28008 0.30166 0.32103 0.33881 0.35536 0.37095 0.38574 0.39986 0.41343 0.42651 0.43917 0.45145 0.46342 0.47509 0.4865 0.49768 0.50865 0.51943 0.53004 0.54049 0.5508 0.56099 0.57106 0.58102 0.59089 0.60068 0.61039 0.62003 0.62961 0.63914 0.64862 0.65806 0.66747 0.67685 0.68621 0.69555 0.70489
0.066759 0.15296 0.20685 0.23497 0.25762 0.27723 0.29484 0.31101 0.32606 0.34022 0.35367 0.36651 0.37884 0.39074 0.40224 0.41342 0.42429 0.4349 0.44528 0.45544 0.46541 0.47521 0.48486 0.49436 0.50374 0.513 0.52215 0.53121 0.54018 0.54908 0.55791 0.56667 0.57538 0.58404 0.59266 0.60124 0.6098 0.61832 0.62683 0.63533 0.64382
0.062864 0.13979 0.18788 0.21297 0.23318 0.25069 0.26641 0.28083 0.29426 0.3069 0.3189 0.33036 0.34137 0.35198 0.36225 0.37222 0.38192 0.39139 0.40065 0.40972 0.41862 0.42737 0.43597 0.44445 0.45282 0.46108 0.46925 0.47734 0.48535 0.49329 0.50116 0.50898 0.51676 0.52448 0.53218 0.53984 0.54747 0.55508 0.56267 0.57026 0.57783
0.058489 0.12555 0.16748 0.18935 0.20697 0.22223 0.23593 0.24851 0.26022 0.27124 0.2817 0.29169 0.30128 0.31054 0.31949 0.32818 0.33664 0.3449 0.35297 0.36087 0.36863 0.37626 0.38376 0.39115 0.39845 0.40565 0.41277 0.41982 0.4268 0.43372 0.44059 0.44741 0.45418 0.46092 0.46763 0.47431 0.48096 0.4876 0.49422 0.50083 0.50743
0.053668 0.11035 0.14579 0.16428 0.17918 0.19208 0.20366 0.21429 0.22419 0.2335 0.24235 0.25079 0.2589 0.26672 0.27429 0.28163 0.28879 0.29576 0.30259 0.30927 0.31583 0.32227 0.32862 0.33487 0.34103 0.34712 0.35314 0.3591 0.365 0.37085 0.37665 0.38242 0.38815 0.39384 0.39951 0.40515 0.41078 0.41639 0.42198 0.42757 0.43315
0.048438 0.094316 0.123 0.13796 0.15002 0.16046 0.16983 0.17843 0.18644 0.19398 0.20114 0.20798 0.21454 0.22087 0.22699 0.23294 0.23873 0.24437 0.2499 0.2553 0.26061 0.26583 0.27096 0.27602 0.28101 0.28594 0.29081 0.29563 0.30041 0.30514 0.30984 0.31451 0.31914 0.32375 0.32834 0.33291 0.33746 0.342 0.34653 0.35105 0.35557
0.042838 0.077557 0.099263 0.11059 0.11971 0.12761 0.13471 0.14121 0.14728 0.15298 0.1584 0.16357 0.16854 0.17333 0.17796 0.18246 0.18684 0.19112 0.1953 0.19939 0.20341 0.20735 0.21124 0.21507 0.21884 0.22257 0.22626 0.22991 0.23352 0.2371 0.24066 0.24419 0.2477 0.25119 0.25466 0.25812 0.26156 0.265 0.26842 0.27185 0.27526
0.036911 0.060206 0.074769 0.082368 0.088489 0.09379 0.09855 0.10292 0.10698 0.11081 0.11445 0.11792 0.12125 0.12446 0.12757 0.13059 0.13353 0.1364 0.1392 0.14195 0.14464 0.14729 0.1499 0.15247 0.155 0.1575 0.15998 0.16243 0.16485 0.16725 0.16964 0.17201 0.17436 0.1767 0.17903 0.18135 0.18366 0.18597 0.18827 0.19056 0.19286
0.030703 0.042395 0.049705 0.053519 0.056591 0.059252 0.061641 0.063833 0.065875 0.067796 0.06962 0.071362 0.073035 0.074648 0.076209 0.077724 0.079199 0.080639 0.082046 0.083424 0.084777 0.086106 0.087415 0.088704 0.089975 0.091231 0.092473 0.093702 0.094919 0.096126 0.097323 0.098512 0.099693 0.10087 0.10204 0.1032 0.10436 0.10552 0.10667 0.10783 0.10898
0.024261 0.024261 0.024261 0.024261 0.024261 0.024261 0.024261 0.024261 0.024261 0.024261 0.024261 0.024261 0.024261 0.024261 0.024261 0.024261 0.024261 0.024261 0.024261 0.024261 0.024261 0.024261 0.024261 0.024261 0.024261 0.024261 0.024261 0.024261 0.024261 0.024261 0.024261 0.024261 0.024261 0.024261 0.024261 0.024261 0.024261 0.024261 0.024261 0.024261 0.024261
0.017634 0.0059409 -0.0013692 -0.0051832 -0.0082555 -0.010917 -0.013306 -0.015498 -0.017539 -0.019461 -0.021285 -0.023027 -0.0247 -0.026313 -0.027874 -0.029389 -0.030865 -0.032304 -0.033711 -0.03509 -0.036443 -0.037772 -0.03908 -0.04037 -0.041641 -0.042897 -0.044139 -0.045368 -0.046585 -0.047792 -0.048989 -0.050178 -0.05136 -0.052535 -0.053704 -0.054868 -0.056028 -0.057185 -0.058339 -0.059492 -0.060643
0.010872 -0.012425 -0.026989 -0.034589 -0.04071 -0.046012 -0.050772 -0.05514 -0.059207 -0.063037 -0.06667 -0.070142 -0.073474 -0.076688 -0.079798 -0.082818 -0.085757 -0.088625 -0.091429 -0.094175 -0.096871 -0.099519 -0.10213 -0.10469 -0.10723 -0.10973 -0.11221 -0.11465 -0.11708 -0.11948 -0.12187 -0.12424 -0.12659 -0.12893 -0.13126 -0.13358 -0.13589 -0.1382 -0.1405 -0.14279 -0.14509
0.0040281 -0.030696 -0.052405 -0.063731 -0.072855 -0.080757 -0.087852 -0.094362 -0.10043 -0.10613 -0.11155 -0.11672 -0.12169 -0.12648 -0.13112 -0.13562 -0.14 -0.14427 -0.14845 -0.15254 -0.15656 -0.16051 -0.16439 -0.16822 -0.172 -0.17573 -0.17942 -0.18307 -0.18668 -0.19027 -0.19382 -0.19735 -0.20086 -0.20435 -0.20782 -0.21128 -0.21472 -0.21816 -0.22159 -0.22501 -0.22843
-0.0028468 -0.048734 -0.077421 -0.092388 -0.10445 -0.11489 -0.12426 -0.13287 -0.14088 -0.14842 -0.15558 -0.16241 -0.16898 -0.17531 -0.18143 -0.18738 -0.19317 -0.19882 -0.20434 -0.20975 -0.21506 -0.22028 -0.22541 -0.23047 -0.23546 -0.24039 -0.24526 -0.25009 -0.25486 -0.2596 -0.2643 -0.26896 -0.2736 -0.27821 -0.2828 -0.28737 -0.29192 -0.29646 -0.30099 -0.30551 -0.31003
-0.0097 -0.0664 -0.10185 -0.12034 -0.13524 -0.14814 -0.15973 -0.17036 -0.18026 -0.18958 -0.19842 -0.20687 -0.21498 -0.2228 -0.23037 -0.23772 -0.24487 -0.25185 -0.25868 -0.26536 -0.27192 -0.27837 -0.28471 -0.29096 -0.29713 -0.30322 -0.30924 -0.3152 -0.32111 -0.32696 -0.33276 -0.33853 -0.34426 -0.34995 -0.35562 -0.36127 -0.36689 -0.3725 -0.3781 -0.38369 -0.38927
-0.016479 -0.08356 -0.1255 -0.14738 -0.165 -0.18027 -0.19398 -0.20655 -0.21827 -0.22929 -0.23976 -0.24975 -0.25935 -0.2686 -0.27755 -0.28625 -0.29471 -0.30297 -0.31104 -0.31895 -0.32671 -0.33434 -0.34185 -0.34924 -0.35654 -0.36374 -0.37087 -0.37792 -0.3849 -0.39182 -0.39869 -0.40551 -0.41229 -0.41903 -0.42574 -0.43242 -0.43907 -0.44571 -0.45233 -0.45895 -0.46555
-0.023132 -0.10008 -0.14819 -0.17329 -0.19351 -0.21102 -0.22675 -0.24117 -0.25461 -0.26726 -0.27926 -0.29073 -0.30173 -0.31235 -0.32262 -0.3326 -0.3423 -0.35178 -0.36104 -0.37011 -0.37901 -0.38776 -0.39637 -0.40486 -0.41323 -0.42149 -0.42966 -0.43775 -0.44576 -0.4537 -0.46158 -0.46941 -0.47718 -0.48491 -0.49261 -0.50027 -0.50791 -0.51552 -0.52312 -0.5307 -0.53828
-0.029609 -0.11584 -0.16976 -0.19789 -0.22054 -0.24017 -0.25779 -0.27396 -0.28901 -0.30319 -0.31664 -0.32949 -0.34182 -0.35372 -0.36523 -0.37641 -0.38729 -0.3979 -0.40828 -0.41845 -0.42843 -0.43823 -0.44788 -0.45739 -0.46677 -0.47603 -0.48519 -0.49425 -0.50323 -0.51213 -0.52096 -0.52973 -0.53844 -0.5471 -0.55573 -0.56431 -0.57287 -0.5814 -0.58992 -0.59842 -0.60691
-0.03586 -0.13072 -0.19003 -0.22097 -0.2459 -0.26748 -0.28687 -0.30465 -0.32121 -0.33681 -0.3516 -0.36574 -0.37931 -0.39239 -0.40506 -0.41735 -0.42932 -0.441 -0.45241 -0.4636 -0.47457 -0.48536 -0.49597 -0.50643 -0.51675 -0.52694 -0.53701 -0.54698 -0.55686 -0.56665 -0.57636 -0.58601 -0.59559 -0.60512 -0.61461 -0.62405 -0.63347 -0.64285 -0.65222 -0.66157 -0.67091
-0.041838 -0.1446 -0.20885 -0.24237 -0.26937 -0.29276 -0.31376 -0.33302 -0.35097 -0.36786 -0.38389 -0.3992 -0.4139 -0.42808 -0.4418 -0.45511 -0.46808 -0.48073 -0.4931 -0.50521 -0.5171 -0.52879 -0.54028 -0.55161 -0.56279 -0.57383 -0.58475 -0.59555 -0.60624 -0.61685 -0.62737 -0.63782 -0.6482 -0.65853 -0.66881 -0.67904 -0.68923 -0.6994 -0.70955 -0.71968 -0.7298
-0.047496 -0.15738 -0.22608 -0.26192 -0.2908 -0.3158 -0.33826 -0.35886 -0.37804 -0.3961 -0.41325 -0.42962 -0.44534 -0.4605 -0.47517 -0.48941 -0.50327 -0.5168 -0.53002 -0.54298 -0.55569 -0.56818 -0.58048 -0.59259 -0.60455 -0.61635 -0.62802 -0.63957 -0.65101 -0.66235 -0.6736 -0.68477 -0.69588 -0.70692 -0.7179 -0.72885 -0.73975 -0.75062 -0.76147 -0.7723 -0.78312
-0.052792 -0.16896 -0.24159 -0.27948 -0.31 -0.33644 -0.36018 -0.38196 -0.40224 -0.42133 -0.43945 -0.45676 -0.47338 -0.4894 -0.50491 -0.51997 -0.53463 -0.54893 -0.56291 -0.5766 -0.59004 -0.60325 -0.61625 -0.62906 -0.64169 -0.65417 -0.66651 -0.67872 -0.69081 -0.7028 -0.71469 -0.72651 -0.73824 -0.74992 -0.76153 -0.7731 -0.78463 -0.79612 -0.80759 -0.81904 -0.83048
-0.057686 -0.17925 -0.25525 -0.2949 -0.32685 -0.35451 -0.37935 -0.40214 -0.42337 -0.44335 -0.46231 -0.48042 -0.49781 -0.51458 -0.53081 -0.54657 -0.5619 -0.57687 -0.5915 -0.60583 -0.6199 -0.63372 -0.64732 -0.66072 -0.67395 -0.687 -0.69991 -0.71269 -0.72535 -0.73789 -0.75034 -0.7627 -0.77498 -0.7872 -0.79935 -0.81146 -0.82352 -0.83555 -0.84755 -0.85953 -0.8715
-0.06214 -0.18818 -0.26697 -0.30808 -0.3412 -0.36988 -0.39563 -0.41926 -0.44127 -0.46198 -0.48164 -0.50042 -0.51845 -0.53584 -0.55266 -0.569 -0.5849 -0.60041 -0.61558 -0.63044 -0.64503 -0.65935 -0.67346 -0.68735 -0.70106 -0.7146 -0.72799 -0.74123 -0.75435 -0.76736 -0.78026 -0.79308 -0.80581 -0.81848 -0.83108 -0.84363 -0.85614 -0.86861 -0.88105 -0.89347 -0.90588
-0.06612 -0.19567 -0.27665 -0.31891 -0.35295 -0.38243 -0.4089 -0.43319 -0.45581 -0.4771 -0.49731 -0.51661 -0.53514 -0.55301 -0.5703 -0.58709 -0.60344 -0.61938 -0.63498 -0.65025 -0.66524 -0.67996 -0.69446 -0.70874 -0.72283 -0.73675 -0.75051 -0.76412 -0.77761 -0.79098 -0.80424 -0.81741 -0.8305 -0.84352 -0.85647 -0.86937 -0.88222 -0.89504 -0.90783 -0.9206 -0.93336
-0.069596 -0.20166 -0.28423 -0.32731 -0.36201 -0.39206 -0.41905 -0.44381 -0.46687 -0.48858 -0.50918 -0.52885 -0.54775 -0.56596 -0.58359 -0.60071 -0.61737 -0.63363 -0.64953 -0.6651 -0.68038 -0.69539 -0.71017 -0.72473 -0.73909 -0.75328 -0.76731 -0.78119 -0.79493 -0.80856 -0.82209 -0.83552 -0.84886 -0.86213 -0.87533 -0.88848 -0.90159 -0.91466 -0.92769 -0.94071 -0.95372
-0.072541 -0.20612 -0.28964 -0.33321 -0.36831 -0.39871 -0.426 -0.45105 -0.47437 -0.49633 -0.51717 -0.53707 -0.55618 -0.5746 -0.59244 -0.60975 -0.6266 -0.64305 -0.65913 -0.67488 -0.69033 -0.70552 -0.72046 -0.73519 -0.74972 -0.76407 -0.77826 -0.7923 -0.8062 -0.81999 -0.83367 -0.84725 -0.86075 -0.87417 -0.88753 -0.90083 -0.91408 -0.9273 -0.94049 -0.95365 -0.96681
-0.074933 -0.20901 -0.29284 -0.33657 -0.3718 -0.40232 -0.42971 -0.45485 -0.47826 -0.5003 -0.52121 -0.54119 -0.56037 -0.57887 -0.59677 -0.61414 -0.63106 -0.64756 -0.6637 -0.67951 -0.69502 -0.71027 -0.72527 -0.74005 -0.75463 -0.76904 -0.78328 -0.79737 -0.81133 -0.82516 -0.83889 -0.85253 -0.86607 -0.87955 -0.89295 -0.9063 -0.91961 -0.93287 -0.94611 -0.95933 -0.97253
-0.076755 -0.21031 -0.29381 -0.33737 -0.37246 -0.40286 -0.43015 -0.45519 -0.47851 -0.50046 -0.52129 -0.54119 -0.56029 -0.57872 -0.59655 -0.61386 -0.63071 -0.64715 -0.66322 -0.67897 -0.69442 -0.7096 -0.72455 -0.73927 -0.7538 -0.76815 -0.78233 -0.79637 -0.81027 -0.82405 -0.83773 -0.85131 -0.8648 -0.87822 -0.89158 -0.90487 -0.91813 -0.93134 -0.94452 -0.95769 -0.97084
-0.077992 -0.21001 -0.29254 -0.3356 -0.37029 -0.40033 -0.4273 -0.45205 -0.47511 -0.4968 -0.5174 -0.53706 -0.55595 -0.57416 -0.59178 -0.60889 -0.62555 -0.6418 -0.65769 -0.67325 -0.68853 -0.70354 -0.71831 -0.73286 -0.74722 -0.7614 -0.77542 -0.7893 -0.80304 -0.81666 -0.83018 -0.8436 -0.85694 -0.87021 -0.88341 -0.89655 -0.90965 -0.92271 -0.93575 -0.94876 -0.96176
-0.078635 -0.2081 -0.28904 -0.33127 -0.36529 -0.39476 -0.42121 -0.44548 -0.46809 -0.48937 -0.50956 -0.52885 -0.54737 -0.56523 -0.58252 -0.59929 -0.61563 -0.63157 -0.64715 -0.66241 -0.67739 -0.69211 -0.7066 -0.72087 -0.73495 -0.74886 -0.76261 -0.77622 -0.78969 -0.80306 -0.81631 -0.82948 -0.84256 -0.85557 -0.86851 -0.8814 -0.89425 -0.90706 -0.91984 -0.9326 -0.94535
-0.078679 -0.20461 -0.28335 -0.32442 -0.35751 -0.38617 -0.41191 -0.43552 -0.4575 -0.4782 -0.49785 -0.51661 -0.53463 -0.552 -0.56881 -0.58513 -0.60102 -0.61652 -0.63168 -0.64653 -0.6611 -0.67542 -0.68951 -0.70339 -0.71709 -0.73062 -0.74399 -0.75723 -0.77034 -0.78333 -0.79623 -0.80903 -0.82176 -0.83441 -0.847 -0.85954 -0.87204 -0.8845 -0.89693 -0.90935 -0.92175
-0.078125 -0.19957 -0.27549 -0.31511 -0.34702 -0.37466 -0.39947 -0.42224 -0.44344 -0.4634 -0.48235 -0.50044 -0.51781 -0.53457 -0.55078 -0.56652 -0.58184 -0.59679 -0.61141 -0.62573 -0.63978 -0.65358 -0.66717 -0.68056 -0.69377 -0.70682 -0.71971 -0.73248 -0.74512 -0.75765 -0.77009 -0.78244 -0.79471 -0.80691 -0.81905 -0.83115 -0.8432 -0.85521 -0.8672 -0.87917 -0.89113
-0.076976 -0.19301 -0.26555 -0.30339 -0.33388 -0.36029 -0.38399 -0.40575 -0.42601 -0.44508 -0.46318 -0.48046 -0.49706 -0.51307 -0.52856 -0.5436 -0.55824 -0.57252 -0.58648 -0.60016 -0.61359 -0.62678 -0.63976 -0.65255 -0.66518 -0.67764 -0.68996 -0.70216 -0.71424 -0.72621 -0.73809 -0.74989 -0.76161 -0.77327 -0.78487 -0.79643 -0.80794 -0.81942 -0.83087 -0.84231 -0.85374
-0.075243 -0.18498 -0.25358 -0.28937 -0.31821 -0.34318 -0.3656 -0.38617 -0.40533 -0.42337 -0.44049 -0.45684 -0.47253 -0.48767 -0.50232 -0.51654 -0.53039 -0.5439 -0.5571 -0.57004 -0.58274 -0.59521 -0.60749 -0.61959 -0.63152 -0.64331 -0.65497 -0.6665 -0.67792 -0.68925 -0.70048 -0.71164 -0.72273 -0.73375 -0.74473 -0.75565 -0.76654 -0.7774 -0.78823 -0.79905 -0.80985
-0.072937 -0.17554 -0.23969 -0.27316 -0.30012 -0.32347 -0.34443 -0.36367 -0.38158 -0.39845 -0.41445 -0.42974 -0.44442 -0.45857 -0.47227 -0.48557 -0.49851 -0.51114 -0.52349 -0.53559 -0.54746 -0.55912 -0.5706 -0.58192 -0.59308 -0.6041 -0.615 -0.62578 -0.63646 -0.64705 -0.65756 -0.66799 -0.67836 -0.68866 -0.69892 -0.70914 -0.71932 -0.72947 -0.7396 -0.74972 -0.75982
-0.070078 -0.16477 -0.22398 -0.25486 -0.27975 -0.3013 -0.32065 -0.3384 -0.35493 -0.3705 -0.38527 -0.39938 -0.41293 -0.42599 -0.43863 -0.4509 -0.46285 -0.47451 -0.48591 -0.49707 -0.50803 -0.51879 -0.52939 -0.53983 -0.55013 -0.5603 -0.57036 -0.58031 -0.59017 -0.59994 -0.60964 -0.61927 -0.62883 -0.63835 -0.64782 -0.65725 -0.66664 -0.67601 -0.68536 -0.69469 -0.70402
-0.066687 -0.15276 -0.20657 -0.23464 -0.25726 -0.27684 -0.29443 -0.31057 -0.32559 -0.33974 -0.35317 -0.36599 -0.3783 -0.39018 -0.40167 -0.41282 -0.42368 -0.43427 -0.44463 -0.45478 -0.46474 -0.47452 -0.48415 -0.49364 -0.50301 -0.51225 -0.52139 -0.53044 -0.5394 -0.54828 -0.55709 -0.56585 -0.57454 -0.58319 -0.5918 -0.60037 -0.60891 -0.61742 -0.62592 -0.6344 -0.64288
-0.06279 -0.13958 -0.18759 -0.21264 -0.23281 -0.25029 -0.26598 -0.28038 -0.29379 -0.30641 -0.31839 -0.32983 -0.34081 -0.3514 -0.36166 -0.37161 -0.3813 -0.39075 -0.39999 -0.40905 -0.41793 -0.42666 -0.43525 -0.44372 -0.45207 -0.46032 -0.46848 -0.47655 -0.48454 -0.49247 -0.50033 -0.50814 -0.5159 -0.52361 -0.53129 -0.53894 -0.54656 -0.55415 -0.56173 -0.5693 -0.57687
-0.058416 -0.12535 -0.16719 -0.18902 -0.20661 -0.22184 -0.23552 -0.24807 -0.25975 -0.27075 -0.28119 -0.29117 -0.30074 -0.30997 -0.31891 -0.32758 -0.33603 -0.34427 -0.35232 -0.36021 -0.36796 -0.37557 -0.38306 -0.39043 -0.39771 -0.4049 -0.41201 -0.41905 -0.42601 -0.43292 -0.43978 -0.44658 -0.45334 -0.46007 -0.46676 -0.47343 -0.48007 -0.48669 -0.4933 -0.49989 -0.50648
-0.0536 -0.11017 -0.14553 -0.16398 -0.17884 -0.19171 -0.20327 -0.21388 -0.22375 -0.23305 -0.24187 -0.2503 -0.25839 -0.2662 -0.27375 -0.28108 -0.28822 -0.29518 -0.30199 -0.30866 -0.3152 -0.32163 -0.32796 -0.3342 -0.34035 -0.34642 -0.35243 -0.35838 -0.36427 -0.3701 -0.3759 -0.38165 -0.38736 -0.39304 -0.3987 -0.40433 -0.40995 -0.41554 -0.42113 -0.4267 -0.43227
-0.048378 -0.09415 -0.12277 -0.13769 -0.14972 -0.16014 -0.16949 -0.17807 -0.18606 -0.19359 -0.20073 -0.20755 -0.21409 -0.22041 -0.22652 -0.23245 -0.23823 -0.24386 -0.24937 -0.25477 -0.26006 -0.26526 -0.27039 -0.27543 -0.28041 -0.28533 -0.29019 -0.295 -0.29976 -0.30449 -0.30917 -0.31383 -0.31845 -0.32305 -0.32763 -0.33219 -0.33673 -0.34126 -0.34577 -0.35029 -0.35479
-0.042789 -0.077422 -0.099074 -0.11037 -0.11947 -0.12735 -0.13443 -0.14092 -0.14697 -0.15266 -0.15806 -0.16322 -0.16818 -0.17296 -0.17758 -0.18207 -0.18644 -0.1907 -0.19487 -0.19895 -0.20296 -0.2069 -0.21077 -0.21459 -0.21836 -0.22208 -0.22575 -0.22939 -0.233 -0.23657 -0.24012 -0.24364 -0.24714 -0.25062 -0.25408 -0.25753 -0.26097 -0.26439 -0.26781 -0.27123 -0.27464
-0.036877 -0.060111 -0.074636 -0.082214 -0.088319 -0.093606 -0.098353 -0.10271 -0.10677 -0.11058 -0.11421 -0.11767 -0.12099 -0.1242 -0.1273 -0.13031 -0.13324 -0.1361 -0.1389 -0.14164 -0.14433 -0.14697 -0.14957 -0.15213 -0.15466 -0.15715 -0.15962 -0.16206 -0.16448 -0.16688 -0.16926 -0.17162 -0.17397 -0.1763 -0.17862 -0.18094 -0.18324 -0.18554 -0.18784 -0.19013 -0.19241
-0.030685 -0.042345 -0.049635 -0.053438 -0.056502 -0.059155 -0.061538 -0.063724 -0.06576 -0.067676 -0.069495 -0.071232 -0.0729 -0.074509 -0.076065 -0.077577 -0.079048 -0.080483 -0.081886 -0.083261 -0.08461 -0.085936 -0.08724 -0.088526 -0.089794 -0.091047 -0.092285 -0.09351 -0.094724 -0.095928 -0.097122 -0.098307 -0.099485 -0.10066 -0.10182 -0.10298 -0.10414 -0.10529 -0.10645 -0.10759 -0.10874
