0.0059689 0.016649 0.023326 0.02681 0.029616 0.032047 0.034229 0.036231 0.038096 0.039852 0.041518 0.043109 0.044637 0.04611 0.047536 0.04892 0.050268 0.051582 0.052868 0.054127 0.055363 0.056577 0.057772 0.058949 0.060111 0.061258 0.062393 0.063515 0.064627 0.065729 0.066823 0.067909 0.068988 0.070061 0.071129 0.072192 0.073252 0.074309 0.075363 0.076416 0.077468
0.0060275 0.016813 0.023555 0.027073 0.029907 0.032362 0.034565 0.036587 0.038471 0.040243 0.041926 0.043532 0.045075 0.046563 0.048003 0.049401 0.050761 0.052089 0.053387 0.054659 0.055907 0.057133 0.05834 0.059529 0.060702 0.06186 0.063006 0.064139 0.065262 0.066375 0.067479 0.068576 0.069666 0.070749 0.071828 0.072902 0.073972 0.075039 0.076104 0.077167 0.078229
0.0060702 0.016932 0.023722 0.027265 0.030119 0.032591 0.03481 0.036846 0.038743 0.040528 0.042222 0.043841 0.045394 0.046893 0.048343 0.04975 0.051121 0.052458 0.053765 0.055046 0.056302 0.057537 0.058752 0.05995 0.061131 0.062298 0.063452 0.064593 0.065724 0.066845 0.067957 0.069061 0.070159 0.07125 0.072336 0.073418 0.074495 0.07557 0.076642 0.077713 0.078782
0.0060965 0.017005 0.023825 0.027383 0.03025 0.032732 0.034961 0.037006 0.038911 0.040704 0.042406 0.044031 0.045591 0.047096 0.048553 0.049966 0.051343 0.052685 0.053998 0.055285 0.056547 0.057787 0.059007 0.06021 0.061397 0.062568 0.063727 0.064873 0.066009 0.067135 0.068252 0.069361 0.070463 0.071559 0.07265 0.073736 0.074819 0.075898 0.076975 0.07805 0.079124
0.0061064 0.017033 0.023864 0.027428 0.030298 0.032785 0.035018 0.037066 0.038974 0.04077 0.042474 0.044102 0.045665 0.047172 0.048631 0.050047 0.051426 0.05277 0.054086 0.055374 0.056638 0.05788 0.059103 0.060307 0.061496 0.062669 0.06383 0.064978 0.066116 0.067243 0.068362 0.069473 0.070577 0.071675 0.072767 0.073855 0.074939 0.07602 0.077099 0.078176 0.079252
0.0060996 0.017014 0.023837 0.027397 0.030265 0.032749 0.034979 0.037025 0.038931 0.040725 0.042427 0.044053 0.045615 0.04712 0.048577 0.049992 0.051369 0.052712 0.054026 0.055313 0.056575 0.057816 0.059037 0.060241 0.061428 0.0626 0.063759 0.064906 0.066043 0.067169 0.068287 0.069396 0.070499 0.071596 0.072687 0.073774 0.074857 0.075937 0.077014 0.07809 0.079165
0.0060764 0.016949 0.023746 0.027293 0.03015 0.032624 0.034845 0.036884 0.038782 0.040569 0.042265 0.043885 0.045441 0.04694 0.048392 0.049801 0.051173 0.052511 0.05382 0.055102 0.056359 0.057596 0.058812 0.060011 0.061193 0.062361 0.063516 0.064659 0.065791 0.066913 0.068026 0.069132 0.07023 0.071322 0.07241 0.073492 0.074571 0.075647 0.07672 0.077792 0.078863
0.0060367 0.016838 0.023591 0.027115 0.029953 0.032411 0.034618 0.036643 0.038529 0.040305 0.04199 0.043599 0.045144 0.046634 0.048076 0.049476 0.050839 0.052169 0.053469 0.054742 0.055992 0.05722 0.058429 0.059619 0.060794 0.061955 0.063102 0.064237 0.065362 0.066476 0.067582 0.068681 0.069772 0.070857 0.071937 0.073013 0.074085 0.075153 0.07622 0.077285 0.078348
0.005981 0.016683 0.023374 0.026865 0.029677 0.032112 0.034299 0.036305 0.038174 0.039933 0.041602 0.043197 0.044728 0.046204 0.047633 0.04902 0.05037 0.051687 0.052975 0.054237 0.055475 0.056692 0.05789 0.05907 0.060234 0.061383 0.06252 0.063645 0.064759 0.065863 0.066959 0.068047 0.069128 0.070204 0.071274 0.072339 0.073401 0.07446 0.075517 0.076572 0.077625
0.0059097 0.016484 0.023095 0.026544 0.029323 0.031729 0.03389 0.035872 0.037719 0.039457 0.041106 0.042682 0.044194 0.045653 0.047065 0.048435 0.049769 0.051071 0.052344 0.053591 0.054814 0.056016 0.057199 0.058365 0.059515 0.060651 0.061774 0.062886 0.063986 0.065078 0.06616 0.067236 0.068304 0.069367 0.070424 0.071477 0.072526 0.073572 0.074616 0.075659 0.0767
0.0058233 0.016243 0.022757 0.026156 0.028894 0.031265 0.033394 0.035348 0.037167 0.03888 0.040505 0.042058 0.043548 0.044985 0.046377 0.047727 0.049042 0.050324 0.051578 0.052807 0.054012 0.055197 0.056363 0.057512 0.058645 0.059764 0.060871 0.061966 0.063051 0.064126 0.065193 0.066252 0.067305 0.068352 0.069394 0.070432 0.071465 0.072496 0.073525 0.074552 0.075578
0.0057224 0.015962 0.022363 0.025703 0.028394 0.030724 0.032816 0.034736 0.036523 0.038206 0.039804 0.041329 0.042794 0.044206 0.045573 0.0469 0.048192 0.049453 0.050685 0.051892 0.053077 0.054241 0.055387 0.056516 0.057629 0.058729 0.059817 0.060893 0.061959 0.063015 0.064064 0.065105 0.06614 0.067168 0.068192 0.069212 0.070228 0.071241 0.072252 0.073261 0.074269
0.0056079 0.015642 0.021916 0.025189 0.027825 0.030109 0.032159 0.03404 0.035792 0.037442 0.039007 0.040502 0.041937 0.043322 0.044661 0.045962 0.047228 0.048463 0.049671 0.050854 0.052014 0.053155 0.054278 0.055384 0.056476 0.057554 0.058619 0.059674 0.060719 0.061754 0.062782 0.063802 0.064816 0.065824 0.066827 0.067826 0.068822 0.069815 0.070805 0.071795 0.072783
0.0054806 0.015287 0.021418 0.024617 0.027193 0.029425 0.031429 0.033267 0.03498 0.036591 0.038121 0.039582 0.040985 0.042338 0.043647 0.044918 0.046155 0.047362 0.048543 0.049699 0.050833 0.051948 0.053045 0.054127 0.055193 0.056247 0.057288 0.058319 0.05934 0.060352 0.061356 0.062353 0.063344 0.064329 0.06531 0.066286 0.067259 0.068229 0.069198 0.070164 0.07113
0.0053414 0.014899 0.020874 0.023991 0.026503 0.028678 0.03063 0.032422 0.034091 0.035662 0.037153 0.038577 0.039944 0.041262 0.042538 0.043777 0.044983 0.046159 0.04731 0.048437 0.049542 0.050629 0.051698 0.052752 0.053791 0.054818 0.055833 0.056838 0.057833 0.058819 0.059798 0.060769 0.061735 0.062695 0.063651 0.064603 0.065551 0.066497 0.06744 0.068382 0.069323
0.0051914 0.01448 0.020288 0.023318 0.025758 0.027872 0.02977 0.031512 0.033134 0.034661 0.03611 0.037494 0.038822 0.040104 0.041344 0.042548 0.04372 0.044863 0.045981 0.047076 0.048151 0.049207 0.050246 0.051271 0.052281 0.053279 0.054265 0.055242 0.056209 0.057167 0.058118 0.059063 0.060001 0.060935 0.061864 0.062788 0.06371 0.064629 0.065546 0.066462 0.067377
0.0050317 0.014035 0.019664 0.022601 0.024966 0.027015 0.028855 0.030543 0.032115 0.033595 0.034999 0.036341 0.037629 0.038871 0.040073 0.041239 0.042375 0.043484 0.044567 0.045629 0.04667 0.047694 0.048701 0.049694 0.050673 0.05164 0.052597 0.053543 0.05448 0.055409 0.056331 0.057247 0.058156 0.059061 0.059961 0.060858 0.061751 0.062642 0.063531 0.064418 0.065305
0.0048636 0.013566 0.019007 0.021846 0.024132 0.026113 0.027891 0.029523 0.031042 0.032473 0.03383 0.035127 0.036372 0.037572 0.038734 0.039862 0.04096 0.042031 0.043078 0.044105 0.045111 0.046101 0.047074 0.048034 0.048981 0.049915 0.05084 0.051754 0.05266 0.053558 0.054449 0.055334 0.056214 0.057088 0.057958 0.058825 0.059688 0.060549 0.061408 0.062266 0.063123
0.0046884 0.013078 0.018322 0.021059 0.023263 0.025172 0.026886 0.028459 0.029924 0.031302 0.032611 0.033861 0.035061 0.036218 0.037338 0.038426 0.039484 0.040517 0.041526 0.042515 0.043486 0.04444 0.045378 0.046303 0.047216 0.048117 0.049008 0.049889 0.050763 0.051629 0.052488 0.053341 0.054188 0.055031 0.05587 0.056705 0.057538 0.058368 0.059196 0.060023 0.060849
0.0045073 0.012572 0.017615 0.020245 0.022364 0.0242 0.025848 0.02736 0.028768 0.030093 0.031351 0.032553 0.033707 0.034819 0.035896 0.036941 0.037959 0.038952 0.039922 0.040873 0.041806 0.042723 0.043626 0.044515 0.045392 0.046258 0.047115 0.047963 0.048802 0.049634 0.05046 0.05128 0.052095 0.052906 0.053712 0.054515 0.055315 0.056113 0.056909 0.057704 0.058499
0.0043218 0.012055 0.016889 0.019412 0.021444 0.023204 0.024784 0.026233 0.027584 0.028855 0.030061 0.031213 0.032319 0.033386 0.034419 0.035421 0.036396 0.037348 0.038279 0.039191 0.040085 0.040965 0.04183 0.042682 0.043524 0.044354 0.045176 0.045988 0.046793 0.047591 0.048383 0.049169 0.049951 0.050728 0.051501 0.052271 0.053038 0.053803 0.054567 0.055329 0.056091
0.0041332 0.011529 0.016152 0.018565 0.020508 0.022191 0.023702 0.025089 0.02638 0.027596 0.028749 0.029851 0.030909 0.031929 0.032917 0.033875 0.034808 0.035719 0.036609 0.037481 0.038336 0.039177 0.040005 0.04082 0.041624 0.042419 0.043204 0.043982 0.044751 0.045515 0.046272 0.047024 0.047771 0.048514 0.049254 0.04999 0.050724 0.051456 0.052186 0.052915 0.053643
0.003943 0.010998 0.015409 0.017711 0.019564 0.02117 0.022612 0.023934 0.025166 0.026326 0.027426 0.028478 0.029487 0.03046 0.031402 0.032316 0.033206 0.034075 0.034924 0.035756 0.036572 0.037374 0.038164 0.038942 0.039709 0.040467 0.041216 0.041958 0.042692 0.04342 0.044143 0.04486 0.045573 0.046282 0.046987 0.04769 0.04839 0.049088 0.049784 0.05048 0.051175
0.0037527 0.010467 0.014665 0.016856 0.01862 0.020148 0.02152 0.022779 0.023951 0.025055 0.026102 0.027103 0.028063 0.02899 0.029886 0.030756 0.031603 0.03243 0.033238 0.03403 0.034807 0.03557 0.036321 0.037062 0.037792 0.038513 0.039226 0.039932 0.040631 0.041324 0.042012 0.042694 0.043373 0.044048 0.044719 0.045388 0.046054 0.046718 0.047381 0.048043 0.048704
0.0035636 0.00994 0.013926 0.016006 0.017682 0.019133 0.020436 0.021631 0.022745 0.023793 0.024787 0.025737 0.026649 0.027529 0.02838 0.029207 0.030011 0.030796 0.031564 0.032315 0.033053 0.033778 0.034491 0.035194 0.035888 0.036573 0.03725 0.03792 0.038584 0.039242 0.039895 0.040543 0.041188 0.041828 0.042466 0.043101 0.043734 0.044364 0.044994 0.045622 0.04625
0.0033773 0.0094203 0.013198 0.015169 0.016757 0.018132 0.019367 0.0205 0.021555 0.022549 0.023491 0.024392 0.025256 0.02609 0.026896 0.02768 0.028442 0.029186 0.029913 0.030626 0.031325 0.032012 0.032688 0.033354 0.034012 0.034661 0.035302 0.035938 0.036567 0.03719 0.037809 0.038424 0.039034 0.039641 0.040246 0.040847 0.041447 0.042045 0.042641 0.043237 0.043832
0.0031951 0.0089121 0.012486 0.014351 0.015853 0.017154 0.018322 0.019394 0.020393 0.021332 0.022224 0.023076 0.023894 0.024682 0.025445 0.026186 0.026908 0.027611 0.0283 0.028974 0.029635 0.030285 0.030925 0.031555 0.032177 0.032791 0.033398 0.033999 0.034594 0.035184 0.03577 0.036351 0.036928 0.037503 0.038075 0.038644 0.039211 0.039777 0.040341 0.040905 0.041468
0.0030184 0.0084194 0.011796 0.013558 0.014977 0.016206 0.017309 0.018322 0.019265 0.020153 0.020995 0.0218 0.022573 0.023318 0.024039 0.024739 0.02542 0.026085 0.026735 0.027372 0.027997 0.028611 0.029215 0.02981 0.030398 0.030978 0.031552 0.032119 0.032682 0.033239 0.033792 0.034341 0.034887 0.035429 0.03597 0.036507 0.037043 0.037578 0.038111 0.038643 0.039175
0.0028487 0.0079459 0.011133 0.012795 0.014135 0.015295 0.016336 0.017292 0.018182 0.019019 0.019815 0.020574 0.021303 0.022006 0.022687 0.023347 0.02399 0.024618 0.025231 0.025832 0.026422 0.027002 0.027572 0.028134 0.028688 0.029236 0.029777 0.030313 0.030844 0.03137 0.031892 0.03241 0.032925 0.033437 0.033947 0.034454 0.03496 0.035464 0.035967 0.03647 0.036972
0.0026871 0.0074952 0.010501 0.012069 0.013333 0.014427 0.015409 0.016311 0.01715 0.017941 0.018691 0.019407 0.020095 0.020758 0.0214 0.022023 0.02263 0.023222 0.0238 0.024367 0.024923 0.02547 0.026008 0.026538 0.027061 0.027578 0.028088 0.028594 0.029094 0.02959 0.030083 0.030572 0.031057 0.03154 0.032021 0.0325 0.032977 0.033453 0.033927 0.034401 0.034875
0.0025349 0.0070708 0.0099065 0.011386 0.012578 0.01361 0.014537 0.015387 0.016179 0.016925 0.017632 0.018308 0.018957 0.019583 0.020188 0.020776 0.021348 0.021907 0.022453 0.022987 0.023512 0.024028 0.024535 0.025035 0.025529 0.026016 0.026498 0.026974 0.027447 0.027915 0.028379 0.02884 0.029299 0.029754 0.030208 0.03066 0.03111 0.031558 0.032006 0.032453 0.0329
0.0023934 0.0066759 0.0093532 0.01075 0.011875 0.01285 0.013725 0.014528 0.015276 0.015979 0.016647 0.017285 0.017898 0.018489 0.019061 0.019616 0.020156 0.020683 0.021199 0.021703 0.022199 0.022686 0.023165 0.023637 0.024103 0.024563 0.025018 0.025468 0.025914 0.026356 0.026794 0.02723 0.027662 0.028092 0.028521 0.028947 0.029372 0.029796 0.030219 0.030641 0.031062
0.0022634 0.0063134 0.0088454 0.010166 0.011231 0.012152 0.01298 0.013739 0.014446 0.015112 0.015744 0.016347 0.016926 0.017485 0.018026 0.018551 0.019062 0.01956 0.020048 0.020525 0.020994 0.021454 0.021907 0.022354 0.022794 0.023229 0.02366 0.024085 0.024507 0.024925 0.025339 0.025751 0.02616 0.026567 0.026972 0.027376 0.027777 0.028178 0.028578 0.028977 0.029376
0.0021461 0.0059863 0.0083871 0.0096397 0.010649 0.011523 0.012307 0.013027 0.013698 0.014329 0.014928 0.0155 0.016049 0.016579 0.017092 0.017589 0.018074 0.018547 0.019009 0.019462 0.019906 0.020342 0.020772 0.021196 0.021613 0.022026 0.022434 0.022837 0.023237 0.023633 0.024026 0.024417 0.024805 0.025191 0.025575 0.025957 0.026338 0.026718 0.027097 0.027476 0.027854
0.0020424 0.0056969 0.0079816 0.0091737 0.010134 0.010966 0.011712 0.012397 0.013036 0.013636 0.014206 0.014751 0.015274 0.015778 0.016266 0.016739 0.0172 0.01765 0.01809 0.018521 0.018944 0.019359 0.019768 0.020171 0.020568 0.020961 0.021349 0.021733 0.022114 0.022491 0.022865 0.023237 0.023606 0.023973 0.024338 0.024702 0.025065 0.025427 0.025787 0.026148 0.026507
0.001953 0.0054475 0.0076322 0.0087721 0.0096903 0.010486 0.0112 0.011855 0.012465 0.013039 0.013584 0.014105 0.014605 0.015087 0.015553 0.016006 0.016447 0.016877 0.017298 0.01771 0.018114 0.018512 0.018903 0.019288 0.019668 0.020043 0.020415 0.020782 0.021146 0.021506 0.021864 0.022219 0.022572 0.022924 0.023273 0.023621 0.023968 0.024313 0.024658 0.025003 0.025347
0.0018786 0.00524 0.0073415 0.0084379 0.0093211 0.010086 0.010773 0.011403 0.01199 0.012543 0.013067 0.013568 0.014049 0.014512 0.014961 0.015397 0.015821 0.016235 0.016639 0.017035 0.017424 0.017806 0.018183 0.018553 0.018919 0.01928 0.019637 0.01999 0.02034 0.020687 0.021031 0.021373 0.021713 0.02205 0.022386 0.022721 0.023055 0.023387 0.023719 0.02405 0.024381
0.0018198 0.0050759 0.0071116 0.0081737 0.0090293 0.0097703 0.010436 0.011046 0.011615 0.01215 0.012658 0.013143 0.013609 0.014058 0.014493 0.014915 0.015325 0.015726 0.016118 0.016502 0.016879 0.017249 0.017613 0.017972 0.018326 0.018676 0.019022 0.019364 0.019703 0.020039 0.020373 0.020704 0.021033 0.02136 0.021686 0.02201 0.022333 0.022655 0.022976 0.023297 0.023618
0.001777 0.0049566 0.0069444 0.0079816 0.008817 0.0095406 0.01019 0.010786 0.011342 0.011864 0.01236 0.012834 0.013289 0.013727 0.014152 0.014564 0.014965 0.015356 0.015739 0.016114 0.016482 0.016843 0.017199 0.01755 0.017896 0.018237 0.018575 0.018909 0.01924 0.019568 0.019894 0.020217 0.020538 0.020858 0.021176 0.021492 0.021808 0.022122 0.022436 0.02275 0.023063
0.0017506 0.0048829 0.0068411 0.0078629 0.0086859 0.0093987 0.010039 0.010626 0.011173 0.011688 0.012176 0.012643 0.013091 0.013523 0.013941 0.014347 0.014743 0.015128 0.015505 0.015874 0.016237 0.016593 0.016943 0.017289 0.017629 0.017966 0.018299 0.018628 0.018954 0.019277 0.019598 0.019916 0.020233 0.020548 0.020861 0.021173 0.021483 0.021793 0.022103 0.022411 0.02272
0.0017407 0.0048554 0.0068026 0.0078185 0.0086369 0.0093457 0.0099821 0.010566 0.01111 0.011622 0.012108 0.012572 0.013017 0.013447 0.013863 0.014266 0.014659 0.015043 0.015418 0.015785 0.016145 0.016499 0.016848 0.017191 0.01753 0.017865 0.018195 0.018523 0.018847 0.019168 0.019487 0.019804 0.020119 0.020432 0.020743 0.021053 0.021362 0.02167 0.021978 0.022285 0.022592
0.0017474 0.0048742 0.006829 0.0078489 0.0086705 0.0093821 0.010021 0.010607 0.011153 0.011667 0.012155 0.012621 0.013068 0.013499 0.013917 0.014322 0.014716 0.015101 0.015478 0.015846 0.016208 0.016563 0.016913 0.017258 0.017598 0.017934 0.018266 0.018595 0.01892 0.019243 0.019563 0.019881 0.020197 0.020511 0.020824 0.021135 0.021445 0.021755 0.022063 0.022372 0.022679
0.0017708 0.0049393 0.0069202 0.0079538 0.0087863 0.0095074 0.010155 0.010749 0.011302 0.011823 0.012317 0.012789 0.013242 0.01368 0.014103 0.014513 0.014913 0.015303 0.015684 0.016058 0.016424 0.016785 0.017139 0.017489 0.017833 0.018174 0.01851 0.018843 0.019173 0.0195 0.019824 0.020147 0.020467 0.020785 0.021102 0.021417 0.021732 0.022045 0.022358 0.02267 0.022982
0.0018105 0.0050502 0.0070756 0.0081323 0.0089835 0.0097208 0.010383 0.01099 0.011556 0.012088 0.012594 0.013076 0.01354 0.013987 0.014419 0.014839 0.015248 0.015646 0.016036 0.016418 0.016793 0.017161 0.017524 0.017881 0.018234 0.018582 0.018926 0.019266 0.019603 0.019938 0.020269 0.020599 0.020926 0.021252 0.021576 0.021898 0.02222 0.02254 0.02286 0.023179 0.023498
0.0018664 0.005206 0.0072938 0.0083831 0.0092606 0.010021 0.010703 0.011329 0.011912 0.012461 0.012982 0.01348 0.013957 0.014418 0.014864 0.015297 0.015718 0.016129 0.016531 0.016925 0.017311 0.017691 0.018065 0.018433 0.018796 0.019155 0.019509 0.01986 0.020208 0.020553 0.020895 0.021234 0.021572 0.021907 0.022241 0.022574 0.022905 0.023235 0.023565 0.023894 0.024223
0.0019379 0.0054055 0.0075733 0.0087044 0.0096155 0.010405 0.011113 0.011763 0.012369 0.012939 0.01348 0.013996 0.014492 0.014971 0.015433 0.015883 0.01632 0.016747 0.017165 0.017573 0.017975 0.018369 0.018757 0.019139 0.019516 0.019889 0.020257 0.020621 0.020982 0.02134 0.021695 0.022048 0.022398 0.022747 0.023093 0.023439 0.023783 0.024126 0.024468 0.02481 0.025151
0.0020246 0.0056472 0.007912 0.0090936 0.010045 0.01087 0.01161 0.012289 0.012922 0.013517 0.014082 0.014622 0.01514 0.01564 0.016124 0.016593 0.01705 0.017496 0.017932 0.018359 0.018778 0.01919 0.019595 0.019995 0.020389 0.020778 0.021163 0.021544 0.021921 0.022294 0.022665 0.023034 0.0234 0.023764 0.024126 0.024487 0.024846 0.025205 0.025562 0.025919 0.026276
0.0021257 0.0059293 0.0083072 0.0095478 0.010547 0.011413 0.01219 0.012903 0.013567 0.014192 0.014786 0.015352 0.015896 0.016421 0.016929 0.017422 0.017902 0.01837 0.018828 0.019276 0.019716 0.020149 0.020574 0.020994 0.021407 0.021816 0.02222 0.02262 0.023016 0.023408 0.023798 0.024184 0.024569 0.024951 0.025331 0.02571 0.026087 0.026463 0.026839 0.027214 0.027588
0.0022405 0.0062495 0.0087559 0.010064 0.011117 0.012029 0.012848 0.0136 0.0143 0.014959 0.015584 0.016182 0.016755 0.017308 0.017843 0.018363 0.018869 0.019362 0.019845 0.020317 0.020781 0.021237 0.021686 0.022128 0.022564 0.022994 0.02342 0.023841 0.024259 0.024672 0.025083 0.025491 0.025896 0.026298 0.026699 0.027098 0.027496 0.027893 0.028289 0.028684 0.029079
0.0023681 0.0066056 0.0092547 0.010637 0.01175 0.012715 0.01358 0.014375 0.015115 0.015811 0.016472 0.017103 0.01771 0.018294 0.01886 0.019409 0.019944 0.020465 0.020975 0.021475 0.021965 0.022447 0.022921 0.023388 0.023849 0.024304 0.024754 0.0252 0.025641 0.026078 0.026512 0.026943 0.027371 0.027797 0.02822 0.028642 0.029063 0.029482 0.0299 0.030318 0.030735
0.0025076 0.0069946 0.0097998 0.011263 0.012442 0.013463 0.01438 0.015221 0.016005 0.016742 0.017442 0.018111 0.018753 0.019372 0.019971 0.020552 0.021118 0.021671 0.022211 0.02274 0.023259 0.023769 0.024271 0.024766 0.025254 0.025736 0.026212 0.026684 0.027151 0.027614 0.028073 0.02853 0.028983 0.029434 0.029882 0.030329 0.030774 0.031218 0.031661 0.032104 0.032546
0.0026579 0.0074138 0.010387 0.011938 0.013188 0.01427 0.015242 0.016134 0.016964 0.017746 0.018488 0.019196 0.019876 0.020533 0.021167 0.021784 0.022384 0.022969 0.023542 0.024102 0.024653 0.025193 0.025725 0.02625 0.026767 0.027278 0.027783 0.028283 0.028778 0.029269 0.029756 0.030239 0.03072 0.031198 0.031673 0.032147 0.032619 0.033089 0.033559 0.034027 0.034496
0.0028178 0.0078598 0.011012 0.012657 0.013981 0.015129 0.016159 0.017104 0.017985 0.018813 0.0196 0.020351 0.021072 0.021768 0.022441 0.023094 0.02373 0.024351 0.024958 0.025552 0.026136 0.026709 0.027273 0.027829 0.028377 0.028919 0.029455 0.029984 0.030509 0.03103 0.031546 0.032059 0.032568 0.033075 0.033579 0.034081 0.034581 0.03508 0.035578 0.036075 0.036571
0.0029861 0.0083293 0.01167 0.013413 0.014817 0.016033 0.017124 0.018126 0.019059 0.019937 0.020771 0.021567 0.022331 0.023068 0.023781 0.024474 0.025148 0.025806 0.026449 0.027079 0.027697 0.028304 0.028902 0.029491 0.030073 0.030647 0.031214 0.031776 0.032332 0.032883 0.03343 0.033974 0.034513 0.03505 0.035585 0.036117 0.036647 0.037175 0.037703 0.03823 0.038756
0.0031616 0.0088187 0.012355 0.014201 0.015687 0.016975 0.01813 0.019191 0.020179 0.021109 0.021991 0.022834 0.023643 0.024424 0.025179 0.025912 0.026626 0.027322 0.028003 0.02867 0.029324 0.029968 0.030601 0.031224 0.03184 0.032447 0.033048 0.033643 0.034232 0.034815 0.035395 0.03597 0.036541 0.03711 0.037675 0.038239 0.0388 0.03936 0.039918 0.040476 0.041033
0.0033428 0.0093243 0.013064 0.015015 0.016586 0.017948 0.01917 0.020291 0.021336 0.022319 0.023252 0.024143 0.024999 0.025824 0.026622 0.027397 0.028152 0.028888 0.029608 0.030314 0.031006 0.031686 0.032355 0.033014 0.033665 0.034307 0.034943 0.035571 0.036194 0.036811 0.037424 0.038032 0.038636 0.039237 0.039835 0.040431 0.041024 0.041616 0.042207 0.042796 0.043385
0.0035285 0.0098422 0.013789 0.015849 0.017508 0.018945 0.020235 0.021418 0.022521 0.023558 0.024543 0.025484 0.026387 0.027258 0.028101 0.028919 0.029716 0.030493 0.031253 0.031997 0.032728 0.033445 0.034152 0.034848 0.035535 0.036213 0.036883 0.037547 0.038204 0.038856 0.039502 0.040144 0.040782 0.041417 0.042048 0.042676 0.043303 0.043928 0.044551 0.045173 0.045795
0.0037172 0.010368 0.014527 0.016696 0.018444 0.019957 0.021316 0.022563 0.023725 0.024818 0.025855 0.026846 0.027798 0.028715 0.029603 0.030465 0.031305 0.032123 0.032924 0.033708 0.034477 0.035234 0.035978 0.036711 0.037435 0.038149 0.038855 0.039555 0.040247 0.040933 0.041614 0.042291 0.042963 0.043631 0.044296 0.044958 0.045618 0.046276 0.046933 0.047589 0.048244
0.0039074 0.010899 0.01527 0.017551 0.019388 0.020979 0.022407 0.023718 0.024939 0.026088 0.027179 0.02822 0.02922 0.030185 0.031118 0.032024 0.032906 0.033767 0.034609 0.035433 0.036242 0.037037 0.037819 0.03859 0.03935 0.040101 0.040844 0.041579 0.042307 0.043028 0.043744 0.044455 0.045161 0.045864 0.046563 0.047259 0.047953 0.048644 0.049335 0.050024 0.050712
0.0040977 0.01143 0.016014 0.018405 0.020332 0.022001 0.023499 0.024873 0.026154 0.027359 0.028502 0.029595 0.030644 0.031655 0.032634 0.033584 0.034509 0.035412 0.036294 0.037159 0.038007 0.038841 0.039661 0.04047 0.041267 0.042055 0.042833 0.043604 0.044367 0.045124 0.045875 0.04662 0.047361 0.048098 0.048831 0.049561 0.050289 0.051014 0.051738 0.052461 0.053183
0.0042867 0.011957 0.016752 0.019254 0.02127 0.023015 0.024583 0.026021 0.02736 0.028621 0.029817 0.03096 0.032057 0.033115 0.034139 0.035133 0.036101 0.037045 0.037968 0.038873 0.03976 0.040632 0.04149 0.042336 0.04317 0.043994 0.044809 0.045615 0.046414 0.047205 0.047991 0.04877 0.049545 0.050316 0.051083 0.051847 0.052608 0.053367 0.054124 0.05488 0.055635
0.0044729 0.012476 0.01748 0.020091 0.022194 0.024015 0.02565 0.027151 0.028548 0.029864 0.031112 0.032305 0.03345 0.034554 0.035622 0.03666 0.037669 0.038654 0.039618 0.040561 0.041487 0.042397 0.043293 0.044175 0.045046 0.045905 0.046755 0.047597 0.04843 0.049256 0.050075 0.050889 0.051698 0.052502 0.053302 0.054099 0.054893 0.055685 0.056475 0.057264 0.058052
0.0046549 0.012984 0.018191 0.020908 0.023097 0.024992 0.026694 0.028256 0.02971 0.031079 0.032378 0.033619 0.034811 0.03596 0.037072 0.038151 0.039202 0.040227 0.04123 0.042212 0.043176 0.044123 0.045055 0.045973 0.046879 0.047774 0.048658 0.049533 0.050401 0.05126 0.052113 0.05296 0.053801 0.054638 0.055471 0.056301 0.057127 0.057951 0.058773 0.059594 0.060415
0.0048314 0.013476 0.018881 0.021701 0.023972 0.02594 0.027706 0.029327 0.030836 0.032257 0.033606 0.034894 0.03613 0.037323 0.038477 0.039597 0.040688 0.041752 0.042793 0.043812 0.044812 0.045795 0.046762 0.047715 0.048656 0.049584 0.050502 0.051411 0.052311 0.053203 0.054088 0.054967 0.055841 0.056709 0.057574 0.058435 0.059292 0.060148 0.061001 0.061853 0.062705
0.0050009 0.013949 0.019543 0.022462 0.024813 0.02685 0.028678 0.030356 0.031918 0.033389 0.034785 0.036118 0.037398 0.038632 0.039827 0.040987 0.042116 0.043217 0.044294 0.045349 0.046384 0.047402 0.048403 0.04939 0.050363 0.051324 0.052274 0.053215 0.054146 0.05507 0.055986 0.056896 0.0578 0.058699 0.059594 0.060485 0.061373 0.062258 0.063142 0.064024 0.064905
0.0051622 0.014399 0.020174 0.023187 0.025614 0.027716 0.029603 0.031335 0.032948 0.034466 0.035907 0.037283 0.038604 0.039879 0.041112 0.042309 0.043474 0.044611 0.045723 0.046812 0.047881 0.048931 0.049964 0.050983 0.051987 0.05298 0.053961 0.054931 0.055893 0.056846 0.057792 0.058731 0.059665 0.060593 0.061516 0.062436 0.063352 0.064266 0.065178 0.066089 0.066998
0.0053141 0.014823 0.020767 0.023869 0.026367 0.028531 0.030474 0.032257 0.033917 0.03548 0.036963 0.03838 0.03974 0.041052 0.042321 0.043554 0.044753 0.045924 0.047068 0.048189 0.049289 0.05037 0.051434 0.052483 0.053517 0.054538 0.055548 0.056548 0.057537 0.058519 0.059492 0.060459 0.06142 0.062375 0.063326 0.064273 0.065216 0.066157 0.067096 0.068033 0.06897
0.0054554 0.015217 0.02132 0.024504 0.027069 0.02929 0.031284 0.033115 0.034819 0.036423 0.037946 0.0394 0.040797 0.042143 0.043447 0.044712 0.045943 0.047145 0.04832 0.049471 0.0506 0.05171 0.052802 0.053878 0.05494 0.055989 0.057025 0.058051 0.059067 0.060075 0.061074 0.062067 0.063053 0.064034 0.06501 0.065982 0.06695 0.067916 0.06888 0.069842 0.070803
0.005585 0.015579 0.021826 0.025086 0.027712 0.029986 0.032028 0.033902 0.035646 0.037289 0.038848 0.040337 0.041766 0.043145 0.044479 0.045774 0.047035 0.048265 0.049468 0.050646 0.051802 0.052939 0.054057 0.055159 0.056246 0.057319 0.05838 0.059431 0.060471 0.061502 0.062526 0.063542 0.064551 0.065556 0.066555 0.06755 0.068541 0.06953 0.070517 0.071502 0.072486
0.005702 0.015905 0.022283 0.025611 0.028292 0.030614 0.032699 0.034612 0.036393 0.03807 0.039662 0.041182 0.042641 0.044049 0.045411 0.046733 0.04802 0.049276 0.050504 0.051707 0.052888 0.054048 0.055189 0.056314 0.057424 0.05852 0.059603 0.060676 0.061738 0.062791 0.063835 0.064873 0.065904 0.066929 0.067949 0.068965 0.069977 0.070987 0.071994 0.073 0.074004
0.0058055 0.016194 0.022688 0.026076 0.028806 0.03117 0.033292 0.03524 0.037054 0.038761 0.040381 0.041929 0.043415 0.044848 0.046235 0.047581 0.048892 0.050171 0.051421 0.052646 0.053847 0.055028 0.056191 0.057336 0.058466 0.059582 0.060685 0.061777 0.062858 0.06393 0.064994 0.06605 0.0671 0.068143 0.069182 0.070217 0.071247 0.072275 0.073301 0.074325 0.075347
0.0058947 0.016442 0.023036 0.026477 0.029248 0.031649 0.033804 0.035781 0.037623 0.039356 0.041002 0.042573 0.044082 0.045537 0.046945 0.048312 0.049643 0.050941 0.052211 0.053454 0.054675 0.055874 0.057054 0.058217 0.059364 0.060497 0.061617 0.062726 0.063824 0.064912 0.065992 0.067065 0.06813 0.06919 0.070245 0.071295 0.072342 0.073385 0.074426 0.075466 0.076505
