72	41
-0.28597 0.047928 0.094511 0.10422 0.10753 0.10794 0.1067 0.10452 0.10163 0.098523 0.095458 0.092152 0.088612 0.084992 0.081214 0.077417 0.073506 0.069543 0.065547 0.061474 0.057397 0.053305 0.049176 0.045075 0.040972 0.036873 0.032723 0.028605 0.024597 0.020531 0.016464 0.012386 0.0082873 0.0041588 -6.1229e-06 -0.0042105 -0.0084514 -0.012713 -0.016943 -0.020961 -0.024106
-0.20479 0.059692 0.098385 0.10561 0.10772 0.10731 0.10574 0.10283 0.099739 0.096196 0.092504 0.088972 0.085239 0.081414 0.077496 0.073571 0.069543 0.065479 0.061392 0.0573 0.053216 0.049044 0.044798 0.040537 0.036352 0.032182 0.028025 0.023873 0.01973 0.015604 0.01155 0.0074197 0.0032705 -0.00090649 -0.0051182 -0.0093679 -0.013654 -0.017961 -0.022241 -0.02632 -0.029542
-0.14174 0.069931 0.10155 0.10695 0.10786 0.10663 0.10421 0.10125 0.09784 0.094135 0.090109 0.0858 0.081889 0.077895 0.073838 0.069731 0.065645 0.061474 0.057281 0.053072 0.048913 0.044691 0.04047 0.036263 0.032035 0.027819 0.023548 0.019247 0.015058 0.010879 0.0067017 0.0025175 -0.0016841 -0.0058376 -0.010098 -0.014396 -0.01873 -0.02309 -0.027428 -0.031578 -0.034889
-0.092386 0.080417 0.10389 0.10765 0.10738 0.10555 0.10268 0.099421 0.095665 0.091834 0.087747 0.083714 0.079142 0.074845 0.070236 0.066015 0.061827 0.057563 0.053284 0.048994 0.044682 0.040447 0.036154 0.031865 0.027585 0.023317 0.019046 0.014806 0.010582 0.006372 0.0020714 -0.0021602 -0.0064093 -0.010685 -0.014995 -0.019342 -0.023729 -0.028144 -0.032545 -0.036773 -0.040171
-0.050842 0.091138 0.1057 0.10793 0.1069 0.10464 0.10127 0.097605 0.093526 0.089423 0.085108 0.080879 0.076547 0.072092 0.067556 0.063 0.058515 0.05376 0.049404 0.045045 0.040683 0.036354 0.032002 0.027658 0.023324 0.019004 0.014702 0.010421 0.0061493 0.0018879 -0.0023714 -0.0066476 -0.010936 -0.015253 -0.019605 -0.023999 -0.028435 -0.032906 -0.037375 -0.041667 -0.045125
-0.018802 0.096545 0.10839 0.10844 0.10671 0.1035 0.099774 0.095714 0.091333 0.086962 0.082767 0.078206 0.073708 0.069109 0.064604 0.060098 0.055509 0.051022 0.04639 0.041924 0.037312 0.032871 0.028349 0.023803 0.019276 0.014913 0.010568 0.0062441 0.0019372 -0.0023585 -0.0066521 -0.010954 -0.015276 -0.019627 -0.024017 -0.02845 -0.032908 -0.037385 -0.041895 -0.046303 -0.049902
0.0077011 0.10155 0.11091 0.10982 0.10663 0.10285 0.098628 0.09428 0.089697 0.08505 0.080426 0.07568 0.071007 0.066563 0.061792 0.057166 0.052613 0.047887 0.043318 0.038763 0.034084 0.029567 0.025122 0.020759 0.016165 0.011733 0.0073236 0.0028095 -0.0015483 -0.0058936 -0.010359 -0.014703 -0.019067 -0.023528 -0.027931 -0.032386 -0.036888 -0.041486 -0.046097 -0.05075 -0.054513
0.027955 0.10599 0.11218 0.10947 0.10537 0.10106 0.098137 0.093485 0.088488 0.083517 0.07853 0.073879 0.069019 0.064246 0.05934 0.054584 0.049914 0.04537 0.040579 0.035939 0.031321 0.026723 0.022079 0.017536 0.013017 0.0085242 0.0039334 -0.00049584 -0.0049031 -0.0092961 -0.013636 -0.018126 -0.022505 -0.026945 -0.031379 -0.036028 -0.040615 -0.045238 -0.049938 -0.054569 -0.058619
0.044637 0.1106 0.1133 0.1097 0.10514 0.10011 0.095081 0.089984 0.085188 0.080378 0.07604 0.07141 0.066662 0.061967 0.057074 0.052327 0.047641 0.042909 0.038084 0.03339 0.028718 0.024065 0.019421 0.01474 0.010155 0.0056012 0.001079 -0.0033633 -0.0079259 -0.012269 -0.016611 -0.020975 -0.025406 -0.029968 -0.034493 -0.039072 -0.043641 -0.048422 -0.053209 -0.058061 -0.062185
0.058464 0.11418 0.11475 0.11034 0.10518 0.099816 0.094367 0.088995 0.083685 0.078436 0.073465 0.068537 0.063499 0.05853 0.053698 0.048705 0.044053 0.03927 0.034421 0.029795 0.02511 0.020453 0.015908 0.011295 0.0067815 0.0022419 -0.0022525 -0.006677 -0.011106 -0.015542 -0.019925 -0.024344 -0.028787 -0.033224 -0.037716 -0.042358 -0.047067 -0.051804 -0.056604 -0.061474 -0.065785
0.068949 0.11723 0.11596 0.11114 0.10587 0.10016 0.09455 0.08907 0.083582 0.078279 0.072969 0.067773 0.062681 0.05763 0.052583 0.047546 0.042674 0.03779 0.032945 0.028196 0.023482 0.018686 0.014018 0.0094951 0.0048752 0.00032239 -0.0042202 -0.0087272 -0.01313 -0.017643 -0.022085 -0.026534 -0.031004 -0.035436 -0.039983 -0.044592 -0.04928 -0.054071 -0.058989 -0.063963 -0.068568
0.077315 0.11958 0.11699 0.1116 0.10582 0.099994 0.094199 0.088415 0.08289 0.077365 0.071986 0.066728 0.06147 0.056344 0.051287 0.046234 0.041212 0.03633 0.031515 0.026694 0.021912 0.01714 0.012345 0.0077961 0.0031427 -0.0014676 -0.0060163 -0.010538 -0.015003 -0.019486 -0.024014 -0.02847 -0.032973 -0.037506 -0.042065 -0.046736 -0.051468 -0.056274 -0.061299 -0.06648 -0.071432
0.084732 0.12112 0.11704 0.11115 0.10484 0.098735 0.092725 0.08674 0.080956 0.075286 0.069794 0.06441 0.059064 0.053769 0.048669 0.043556 0.038616 0.03365 0.02882 0.023997 0.019234 0.014307 0.0095927 0.0049826 0.00047683 -0.0040759 -0.0085801 -0.013039 -0.017478 -0.021834 -0.026162 -0.030645 -0.035031 -0.039306 -0.043769 -0.048291 -0.052868 -0.057592 -0.062461 -0.067514 -0.072759
0.091002 0.12186 0.11673 0.11032 0.10407 0.097599 0.091497 0.085568 0.07978 0.074055 0.068456 0.063101 0.057889 0.052694 0.047653 0.042666 0.037749 0.032828 0.027851 0.023076 0.018317 0.013604 0.0089747 0.0044988 -8.5218e-06 -0.0045302 -0.0089495 -0.013331 -0.017706 -0.021931 -0.026265 -0.030593 -0.034931 -0.039291 -0.043579 -0.047962 -0.052507 -0.057191 -0.062002 -0.067309 -0.073044
0.095442 0.12257 0.11651 0.10973 0.10325 0.096971 0.090866 0.084923 0.07897 0.073347 0.068073 0.062784 0.057559 0.052497 0.047422 0.042616 0.037786 0.032911 0.02809 0.02348 0.018611 0.013926 0.0093365 0.0049891 0.00050246 -0.0039646 -0.0083016 -0.012709 -0.017074 -0.021406 -0.025717 -0.029987 -0.034292 -0.038572 -0.042924 -0.047335 -0.051848 -0.056542 -0.06156 -0.06709 -0.07277
0.097912 0.12278 0.11618 0.1095 0.10316 0.097 0.090971 0.085008 0.079588 0.074116 0.068752 0.063747 0.058606 0.053784 0.048777 0.043794 0.038938 0.034102 0.02932 0.024528 0.01977 0.015046 0.010397 0.0057497 0.0012246 -0.0033182 -0.0078062 -0.012217 -0.016604 -0.020973 -0.025339 -0.029542 -0.033381 -0.037267 -0.041522 -0.045738 -0.050157 -0.05472 -0.059721 -0.065514 -0.073033
0.1003 0.12349 0.11727 0.11092 0.10456 0.098579 0.092858 0.087134 0.081613 0.076154 0.070822 0.065594 0.060496 0.05539 0.050365 0.04537 0.040442 0.035472 0.030532 0.025599 0.020759 0.015912 0.011067 0.0063024 0.001829 -0.0023984 -0.0066694 -0.011042 -0.01527 -0.019485 -0.023619 -0.027767 -0.031839 -0.035916 -0.040003 -0.044097 -0.048424 -0.053051 -0.058297 -0.064682 -0.07422
0.10271 0.12569 0.11974 0.11333 0.10707 0.10122 0.095416 0.089654 0.084052 0.07851 0.073244 0.067906 0.062622 0.057364 0.052088 0.046914 0.041674 0.036347 0.031213 0.026875 0.022103 0.017226 0.01247 0.0077594 0.0031609 -0.0013594 -0.0056801 -0.0099232 -0.014041 -0.018051 -0.021892 -0.025762 -0.029618 -0.033516 -0.037534 -0.041774 -0.046336 -0.051519 -0.057493 -0.064408 -0.074569
0.10552 0.12883 0.12272 0.11658 0.11056 0.1045 0.098629 0.092715 0.086946 0.081143 0.075511 0.069845 0.064117 0.058349 0.053903 0.048868 0.043504 0.038236 0.03301 0.02789 0.022883 0.01799 0.013256 0.0088157 0.0044127 0.00026441 -0.0038129 -0.007743 -0.011552 -0.015281 -0.018986 -0.02265 -0.026556 -0.030716 -0.035303 -0.04013 -0.044496 -0.047646 -0.052394 -0.059961 -0.07533
0.10912 0.13244 0.12677 0.12057 0.11435 0.108 0.10169 0.095374 0.08902 0.082555 0.078202 0.072528 0.066787 0.060953 0.055283 0.049743 0.044275 0.038969 0.033823 0.028855 0.024221 0.019611 0.015267 0.011028 0.0069693 0.0031823 -0.00057543 -0.0042413 -0.0078899 -0.011621 -0.015554 -0.019764 -0.024269 -0.028179 -0.030218 -0.033559 -0.03825 -0.043808 -0.051273 -0.060988 -0.079194
0.11259 0.13696 0.13129 0.12466 0.11768 0.11069 0.1035 0.099067 0.092724 0.086234 0.080024 0.073746 0.067717 0.061822 0.056216 0.050835 0.045619 0.040548 0.035686 0.031032 0.026696 0.022446 0.018481 0.014609 0.010878 0.007345 0.0036698 -0.00014492 -0.0042991 -0.0087135 -0.012411 -0.014163 -0.016864 -0.020728 -0.025551 -0.031383 -0.037477 -0.044133 -0.05175 -0.062384 -0.079511
0.11612 0.14175 0.13537 0.12774 0.11991 0.11553 0.10842 0.10122 0.094207 0.087423 0.081066 0.075027 0.069003 0.063334 0.057941 0.052828 0.047925 0.043192 0.038702 0.034446 0.030532 0.026765 0.023047 0.019379 0.015769 0.011733 0.0073472 0.0032435 0.0014531 -0.00061112 -0.003895 -0.0082378 -0.0138 -0.01948 -0.025216 -0.030985 -0.036982 -0.04351 -0.051325 -0.063181 -0.079042
0.11977 0.14623 0.13815 0.13301 0.12597 0.11789 0.11004 0.10271 0.095653 0.088938 0.082785 0.076925 0.071158 0.065697 0.060638 0.055916 0.051338 0.047037 0.043103 0.03927 0.035707 0.032124 0.028249 0.024223 0.019684 0.016531 0.015873 0.012939 0.0088168 0.0036179 -0.0020369 -0.0075414 -0.012942 -0.018328 -0.023779 -0.029376 -0.035316 -0.041901 -0.050033 -0.063312 -0.077494
0.12302 0.1501 0.14421 0.13703 0.12797 0.11954 0.11176 0.10453 0.097731 0.09119 0.085189 0.079637 0.074209 0.069136 0.064518 0.060272 0.056253 0.052413 0.048801 0.045284 0.041533 0.03736 0.033086 0.031286 0.029449 0.026133 0.021233 0.01567 0.01017 0.004779 -0.0004346 -0.0056624 -0.010849 -0.01608 -0.021433 -0.026942 -0.032873 -0.039571 -0.048122 -0.063175 -0.075156
0.12546 0.15237 0.14912 0.1387 0.12966 0.12165 0.114 0.10684 0.10027 0.094109 0.088449 0.083408 0.078418 0.073934 0.069668 0.065923 0.062386 0.058931 0.055133 0.051176 0.046671 0.045432 0.04335 0.039615 0.034185 0.028438 0.022934 0.017598 0.012428 0.0072912 0.0022315 -0.0028171 -0.0079146 -0.013081 -0.018385 -0.023934 -0.029807 -0.036676 -0.045751 -0.06172 -0.072486
0.12646 0.1583 0.15056 0.14075 0.13203 0.12414 0.11671 0.10993 0.10371 0.09779 0.092571 0.088048 0.083568 0.079627 0.076069 0.072659 0.069296 0.065137 0.060636 0.059618 0.057492 0.053399 0.047712 0.041928 0.036381 0.030962 0.025776 0.020642 0.015609 0.010635 0.0056568 0.0006648 -0.0043308 -0.0094657 -0.014768 -0.020348 -0.026422 -0.033451 -0.043154 -0.058578 -0.069343
0.12602 0.16355 0.15227 0.14297 0.13467 0.1272 0.12008 0.11356 0.10776 0.10232 0.097897 0.093653 0.090024 0.086597 0.083264 0.079473 0.07482 0.073588 0.071743 0.067596 0.061865 0.056073 0.050486 0.04496 0.039653 0.034473 0.029375 0.024378 0.019442 0.01453 0.0096112 0.0046534 -0.00037872 -0.0055306 -0.010872 -0.016524 -0.022736 -0.029967 -0.040539 -0.055563 -0.066689
0.12344 0.16529 0.15445 0.1457 0.13764 0.13045 0.12374 0.11813 0.11262 0.1077 0.10398 0.10033 0.097145 0.093726 0.089647 0.086291 0.085351 0.081899 0.07658 0.070879 0.065132 0.059571 0.054075 0.048774 0.043572 0.038516 0.033514 0.028581 0.023684 0.018794 0.013881 0.0089157 0.0038623 -0.0012323 -0.0066398 -0.012402 -0.01881 -0.02655 -0.038321 -0.053033 -0.064504
0.11792 0.16558 0.15649 0.14858 0.14115 0.13444 0.12819 0.12277 0.11787 0.11389 0.11056 0.10726 0.10407 0.099827 0.098551 0.096088 0.091674 0.086054 0.080354 0.074708 0.069182 0.0637 0.058358 0.053115 0.047978 0.042944 0.03799 0.033087 0.028265 0.02338 0.018549 0.01357 0.0084914 0.0032619 -0.0022043 -0.008066 -0.014663 -0.02273 -0.035853 -0.049877 -0.061775
0.11265 0.166 0.15898 0.15161 0.14462 0.13858 0.13298 0.12803 0.12404 0.12051 0.11746 0.11444 0.11049 0.10992 0.10613 0.1014 0.095917 0.090312 0.084705 0.079194 0.073695 0.068315 0.063036 0.057844 0.052758 0.047761 0.042899 0.038016 0.033148 0.028269 0.023405 0.018415 0.01332 0.0081667 0.0026455 -0.0033098 -0.010086 -0.018668 -0.033082 -0.046093 -0.058215
0.10766 0.16607 0.16137 0.15491 0.14869 0.143 0.13803 0.13373 0.12993 0.12705 0.12423 0.12147 0.12002 0.11606 0.11134 0.10609 0.10061 0.094999 0.089477 0.083966 0.078593 0.073264 0.068033 0.062897 0.05785 0.05288 0.04797 0.043097 0.038236 0.03336 0.028546 0.0236 0.018488 0.013202 0.0076398 0.0016036 -0.0052569 -0.014278 -0.030134 -0.042062 -0.054304
0.094841 0.16561 0.1636 0.1581 0.15272 0.14752 0.14316 0.13914 0.13586 0.13332 0.13178 0.12974 0.12611 0.12161 0.11649 0.11113 0.10556 0.10004 0.094522 0.089047 0.08366 0.078362 0.073157 0.068043 0.063074 0.058119 0.053321 0.048456 0.043601 0.038729 0.033812 0.028819 0.023755 0.018547 0.012942 0.0068234 -0.00029765 -0.0097556 -0.026605 -0.037609 -0.048766
0.074689 0.16447 0.16581 0.1615 0.15653 0.15204 0.14773 0.14427 0.14153 0.1414 0.13907 0.13601 0.13165 0.12693 0.12164 0.11623 0.11074 0.10522 0.099735 0.094292 0.08893 0.083652 0.078465 0.073448 0.068441 0.063509 0.058684 0.053836 0.048997 0.044139 0.039331 0.034337 0.029217 0.02395 0.018316 0.012208 0.0049212 -0.0049833 -0.021838 -0.032889 -0.041121
0.048242 0.16237 0.16781 0.16432 0.16003 0.15578 0.15181 0.14874 0.14981 0.14793 0.14542 0.14158 0.13703 0.13217 0.12685 0.12142 0.11592 0.11043 0.10498 0.09965 0.094319 0.089068 0.083905 0.078832 0.073847 0.068937 0.064084 0.059363 0.054587 0.04974 0.044843 0.039861 0.034747 0.029506 0.023892 0.017637 0.010199 -7.9696e-05 -0.0168 -0.027914 -0.033952
0.012498 0.15928 0.1688 0.16655 0.16291 0.15861 0.15452 0.15501 0.15633 0.15405 0.15103 0.14697 0.14246 0.13737 0.13207 0.12665 0.12117 0.1157 0.11027 0.1049 0.099593 0.09454 0.089465 0.084516 0.079555 0.074669 0.069839 0.065039 0.060242 0.055467 0.050673 0.045694 0.040421 0.035094 0.029463 0.023217 0.015631 0.0049203 -0.011575 -0.022904 -0.027089
-0.03614 0.15493 0.16945 0.16836 0.16465 0.1597 0.15961 0.1645 0.16172 0.15945 0.15619 0.15203 0.1475 0.14242 0.13713 0.13175 0.1263 0.12093 0.11553 0.11043 0.10515 0.099961 0.094859 0.08985 0.08493 0.080128 0.075331 0.070656 0.065881 0.061078 0.056217 0.051303 0.046197 0.040932 0.035222 0.028759 0.0211 0.0099839 -0.0063957 -0.017812 -0.020521
-0.1039 0.14884 0.16916 0.16871 0.1646 0.16192 0.16759 0.16936 0.1667 0.16441 0.1611 0.15707 0.15237 0.14731 0.14209 0.13675 0.13137 0.12619 0.12084 0.11554 0.11037 0.10521 0.10015 0.095175 0.09039 0.085576 0.080814 0.076118 0.071376 0.066603 0.061845 0.056903 0.051853 0.04652 0.040863 0.034496 0.026571 0.015039 -0.0011827 -0.012669 -0.014231
-0.19968 0.13956 0.16708 0.16766 0.16325 0.16581 0.17518 0.17336 0.17103 0.16872 0.16549 0.16152 0.15691 0.15196 0.14678 0.1415 0.13646 0.13113 0.12583 0.12057 0.11547 0.11036 0.10535 0.10047 0.09563 0.090859 0.086139 0.081441 0.076818 0.072112 0.067299 0.062382 0.057307 0.052093 0.046364 0.039967 0.032134 0.020235 0.0039844 -0.0075611 -0.0082803
-0.3385 0.1286 0.16385 0.16474 0.16384 0.1729 0.17905 0.17691 0.17486 0.17289 0.1695 0.16567 0.16114 0.15631 0.15126 0.14631 0.14108 0.13583 0.1306 0.12548 0.12035 0.1153 0.11033 0.10546 0.10067 0.096083 0.0914 0.086737 0.082067 0.077359 0.072622 0.067798 0.06274 0.05743 0.051813 0.045343 0.037437 0.02532 0.0092371 -0.002352 -0.0026351
-0.53849 0.11367 0.15862 0.15952 0.16472 0.17872 0.18136 0.17968 0.17789 0.17614 0.17293 0.16932 0.16496 0.16025 0.15556 0.15058 0.14544 0.14028 0.13512 0.13001 0.12495 0.12005 0.1152 0.11038 0.10564 0.10096 0.096333 0.091758 0.087129 0.08253 0.077781 0.07292 0.067931 0.062703 0.056987 0.05056 0.042617 0.030372 0.01425 0.0026421 0.0027034
-0.81125 0.094595 0.15165 0.15599 0.16582 0.18192 0.18289 0.18187 0.18041 0.17888 0.17613 0.17247 0.16836 0.16409 0.15932 0.1544 0.14944 0.1444 0.13943 0.1344 0.12941 0.12449 0.11965 0.1149 0.11027 0.10564 0.10115 0.096573 0.091987 0.087393 0.082683 0.077856 0.07292 0.067694 0.061997 0.055591 0.047636 0.035363 0.019099 0.0074863 0.0074881
-1.135 0.0707 0.14313 0.15269 0.16867 0.18308 0.1838 0.1832 0.18206 0.18083 0.17841 0.17506 0.17117 0.16714 0.16259 0.15794 0.15308 0.14817 0.14322 0.1383 0.1334 0.12857 0.12387 0.11926 0.11464 0.11008 0.10555 0.10107 0.09653 0.091944 0.087345 0.082592 0.077623 0.072387 0.066722 0.060384 0.052467 0.04028 0.023786 0.012194 0.011789
-1.4429 0.041839 0.13297 0.14818 0.16986 0.18273 0.18391 0.18376 0.18302 0.18216 0.18008 0.17704 0.17369 0.16973 0.16542 0.16088 0.15621 0.15145 0.14671 0.14198 0.13719 0.13244 0.12776 0.12314 0.11859 0.11414 0.10967 0.10521 0.10072 0.096253 0.091662 0.086912 0.081985 0.076826 0.071253 0.064859 0.057007 0.045058 0.028219 0.016654 0.015447
-1.6827 0.0064602 0.12153 0.14304 0.16849 0.18096 0.18309 0.18345 0.18305 0.18273 0.18096 0.17832 0.17535 0.17166 0.16763 0.16335 0.15897 0.15439 0.14975 0.14507 0.14061 0.13597 0.13144 0.1269 0.12242 0.11798 0.11365 0.1091 0.10466 0.10017 0.095596 0.090895 0.086045 0.080949 0.075363 0.069066 0.061221 0.049609 0.03238 0.020857 0.018367
-1.8524 -0.034598 0.11037 0.13718 0.16403 0.17872 0.18132 0.18253 0.18251 0.18245 0.18119 0.17917 0.17631 0.17296 0.16928 0.16527 0.16106 0.15692 0.15245 0.14793 0.14347 0.13894 0.13452 0.13007 0.12567 0.12137 0.11702 0.11267 0.1083 0.10386 0.099192 0.094538 0.089762 0.084654 0.079157 0.072895 0.065184 0.053943 0.036168 0.024796 0.02041
-1.9681 -0.084569 0.099484 0.12979 0.15823 0.17536 0.17893 0.18058 0.18111 0.1815 0.18054 0.17899 0.17655 0.17358 0.17021 0.16652 0.16282 0.15878 0.15452 0.15019 0.14581 0.14142 0.13704 0.13278 0.12846 0.12418 0.11992 0.11564 0.11133 0.107 0.1026 0.097989 0.093197 0.088005 0.082536 0.076362 0.068816 0.058016 0.039705 0.028417 0.021357
-2.0467 -0.14101 0.08703 0.12269 0.14935 0.1697 0.17588 0.17811 0.17893 0.17981 0.17923 0.17811 0.17603 0.17346 0.17045 0.16736 0.16372 0.15987 0.15585 0.15173 0.14753 0.14338 0.13914 0.13491 0.13071 0.12653 0.12235 0.11821 0.11404 0.10973 0.10532 0.10077 0.096081 0.091081 0.085678 0.079442 0.07217 0.06178 0.042929 0.031697 0.020757
-2.1006 -0.20379 0.073813 0.11656 0.13906 0.16245 0.172 0.17506 0.17609 0.1772 0.17729 0.17646 0.17475 0.17259 0.16994 0.16718 0.16388 0.16033 0.15659 0.15275 0.14877 0.14472 0.14065 0.13657 0.13249 0.12849 0.12441 0.1203 0.11614 0.11191 0.10763 0.10315 0.098478 0.093548 0.088227 0.082299 0.075035 0.065171 0.047758 0.034687 0.023534
-2.1382 -0.27181 0.059494 0.11137 0.13331 0.15327 0.16757 0.17087 0.17281 0.17422 0.17478 0.17423 0.17281 0.17096 0.16892 0.16629 0.16329 0.16004 0.15658 0.15295 0.1492 0.14536 0.14147 0.13762 0.13368 0.12974 0.12578 0.12178 0.11773 0.11365 0.10939 0.10499 0.1004 0.095548 0.090364 0.084524 0.077642 0.068311 0.052306 0.037387 0.026323
-2.1648 -0.34168 0.04341 0.10416 0.12971 0.14435 0.15987 0.16689 0.16905 0.1706 0.17147 0.17121 0.17024 0.16869 0.16696 0.16461 0.16192 0.15898 0.15583 0.15245 0.14894 0.14534 0.14166 0.13793 0.13416 0.13037 0.12655 0.12274 0.1188 0.11477 0.11061 0.1063 0.1018 0.097102 0.091973 0.086332 0.079633 0.070846 0.056474 0.03974 0.028958
-2.1821 -0.41077 0.026638 0.095744 0.12605 0.14047 0.15013 0.16241 0.16453 0.16627 0.16781 0.16783 0.16724 0.16589 0.16428 0.1622 0.15978 0.15714 0.15425 0.15115 0.14789 0.14452 0.14107 0.13753 0.13395 0.13036 0.1267 0.12298 0.11918 0.11527 0.11124 0.10711 0.10277 0.098113 0.093107 0.087566 0.081123 0.072923 0.05987 0.041873 0.031262
-2.1909 -0.47335 0.0097846 0.086077 0.11984 0.13784 0.14756 0.15317 0.15892 0.16187 0.16375 0.16373 0.16357 0.16231 0.16107 0.15928 0.15704 0.1546 0.15186 0.14901 0.146 0.14288 0.13963 0.13631 0.13294 0.12953 0.12605 0.12251 0.11888 0.11514 0.11128 0.10723 0.10297 0.098453 0.093594 0.088235 0.082115 0.074391 0.062855 0.043483 0.033334
-2.1937 -0.52503 -0.0062487 0.075968 0.11251 0.13263 0.14412 0.15055 0.15407 0.15566 0.16013 0.15931 0.15929 0.15842 0.15713 0.15572 0.15358 0.15127 0.1488 0.14616 0.14335 0.14041 0.13732 0.1342 0.13105 0.12783 0.12454 0.12118 0.11773 0.11416 0.11045 0.10656 0.10246 0.09811 0.093459 0.088304 0.082422 0.075224 0.065018 0.046664 0.034941
-2.1907 -0.56172 -0.020307 0.066371 0.10538 0.1265 0.13899 0.14683 0.1513 0.15363 0.15485 0.15483 0.15473 0.15402 0.15297 0.15148 0.1497 0.14752 0.14522 0.14271 0.13993 0.13708 0.13421 0.13128 0.12828 0.12522 0.12208 0.11891 0.11567 0.11229 0.10875 0.10505 0.10114 0.096973 0.09249 0.087573 0.082007 0.075329 0.066297 0.051402 0.036024
-2.1833 -0.58177 -0.031826 0.057723 0.098206 0.12029 0.13374 0.14187 0.14683 0.14988 0.15181 0.15229 0.15166 0.15058 0.14849 0.14736 0.14542 0.14345 0.14108 0.13862 0.13602 0.13328 0.13047 0.12765 0.12469 0.12172 0.11875 0.11575 0.11265 0.10944 0.10607 0.10255 0.098848 0.094898 0.090633 0.085975 0.080746 0.074585 0.066596 0.054189 0.036532
-2.1716 -0.58433 -0.040166 0.050237 0.091727 0.11439 0.12825 0.13674 0.142 0.14532 0.1473 0.148 0.1481 0.14738 0.14591 0.14399 0.14196 0.13925 0.13655 0.13483 0.1317 0.12912 0.12633 0.1235 0.12063 0.11767 0.11478 0.11185 0.1088 0.10564 0.10245 0.099105 0.095549 0.091809 0.087753 0.083343 0.078449 0.072822 0.065756 0.055269 0.036314
-2.1569 -0.56965 -0.04453 0.044894 0.08636 0.10915 0.12315 0.1318 0.13739 0.14064 0.14273 0.14378 0.14375 0.14315 0.14203 0.14032 0.13826 0.13613 0.13354 0.13085 0.12776 0.1245 0.12132 0.11864 0.11633 0.11349 0.11061 0.10744 0.10451 0.1014 0.098238 0.0949 0.091499 0.087736 0.083935 0.079759 0.075143 0.069948 0.063672 0.055101 0.041385
-2.1379 -0.53922 -0.044315 0.042129 0.08224 0.10448 0.11823 0.12684 0.13243 0.13596 0.13793 0.13898 0.13905 0.13849 0.13764 0.13593 0.13402 0.13212 0.12965 0.12699 0.12416 0.12121 0.11826 0.1151 0.11182 0.10827 0.10487 0.10183 0.09902 0.097268 0.093781 0.09053 0.08709 0.083392 0.079544 0.075526 0.071117 0.06623 0.060471 0.053302 0.04371
-2.1132 -0.49602 -0.040052 0.041282 0.079574 0.101 0.11453 0.12319 0.12798 0.13144 0.13332 0.13436 0.13419 0.13382 0.13269 0.13123 0.12927 0.12722 0.12496 0.12242 0.11978 0.11688 0.11389 0.11082 0.10783 0.10477 0.10157 0.098329 0.095009 0.091501 0.087942 0.084299 0.080749 0.077257 0.07462 0.071049 0.066841 0.062252 0.056962 0.050605 0.043417
-2.0808 -0.44385 -0.031369 0.044036 0.079478 0.099891 0.11225 0.11983 0.12468 0.12784 0.12938 0.1302 0.13004 0.12919 0.12808 0.12654 0.12453 0.12258 0.12011 0.11763 0.11499 0.11208 0.10903 0.10609 0.10316 0.10002 0.096845 0.093708 0.090453 0.087164 0.083944 0.080459 0.076827 0.073045 0.069048 0.064755 0.060414 0.055719 0.050762 0.045588 0.040898
-2.0389 -0.38728 -0.020326 0.047733 0.08073 0.099311 0.11098 0.11789 0.12249 0.12466 0.12611 0.12643 0.12629 0.12499 0.12395 0.1221 0.12001 0.11784 0.11506 0.11233 0.10971 0.10695 0.1039 0.10093 0.097704 0.094528 0.091442 0.088232 0.085169 0.081827 0.078563 0.075123 0.071579 0.068128 0.064532 0.060454 0.056239 0.051766 0.046975 0.041825 0.036869
-1.9835 -0.32924 -0.0089421 0.053336 0.083091 0.10021 0.11017 0.11658 0.12038 0.12241 0.12338 0.12359 0.12283 0.12148 0.11992 0.1178 0.11586 0.11344 0.11083 0.108 0.10503 0.10207 0.099107 0.096126 0.093068 0.089862 0.086678 0.083443 0.080182 0.076982 0.073631 0.070149 0.066684 0.063031 0.059249 0.055317 0.051219 0.046928 0.042428 0.037783 0.033751
-1.9108 -0.27318 0.0037972 0.059617 0.086183 0.10138 0.11036 0.11578 0.1191 0.12025 0.12077 0.12057 0.11971 0.11825 0.11649 0.11446 0.11209 0.1099 0.10749 0.10469 0.10192 0.098894 0.095786 0.092682 0.089487 0.086104 0.082612 0.079331 0.075908 0.072563 0.069068 0.065434 0.061889 0.05816 0.054318 0.050425 0.046322 0.042018 0.037686 0.033295 0.029735
-1.8155 -0.22033 0.016395 0.065555 0.089151 0.10279 0.11085 0.11514 0.11781 0.11881 0.11865 0.11809 0.11694 0.1152 0.1137 0.11198 0.10934 0.10663 0.10366 0.10068 0.09747 0.094196 0.090828 0.087557 0.083991 0.080773 0.077283 0.073921 0.070489 0.066957 0.063497 0.059877 0.05628 0.052507 0.048674 0.044703 0.040611 0.036474 0.032188 0.027984 0.024767
-1.6916 -0.17243 0.028602 0.071608 0.092418 0.10402 0.11083 0.11439 0.11629 0.11699 0.11673 0.1159 0.11427 0.11259 0.11009 0.10766 0.10493 0.10202 0.098959 0.095867 0.09257 0.08919 0.085742 0.082243 0.078706 0.075125 0.071547 0.067959 0.064642 0.061146 0.057746 0.054151 0.050404 0.046694 0.042889 0.038981 0.034897 0.0308 0.02658 0.022559 0.019452
-1.5337 -0.12978 0.040501 0.077268 0.095221 0.10522 0.11089 0.11394 0.11515 0.1152 0.11454 0.11246 0.11093 0.10901 0.10659 0.10391 0.10112 0.098074 0.094895 0.091601 0.088312 0.084819 0.081293 0.077724 0.074115 0.070484 0.06684 0.06315 0.059489 0.055812 0.052106 0.048359 0.044659 0.040752 0.036809 0.032785 0.028679 0.024669 0.020678 0.016759 0.013817
-1.3408 -0.091835 0.050959 0.082477 0.098005 0.1064 0.11085 0.11314 0.11384 0.11302 0.11169 0.10963 0.1079 0.10562 0.10309 0.10026 0.097314 0.094124 0.090821 0.087418 0.08393 0.080479 0.076871 0.073221 0.069496 0.065795 0.062085 0.058368 0.054645 0.050861 0.047119 0.043327 0.039487 0.03554 0.031576 0.027541 0.023437 0.019235 0.015081 0.011128 0.0081118
-1.1228 -0.058706 0.060938 0.08762 0.10058 0.10715 0.11063 0.11197 0.11168 0.11092 0.1093 0.10698 0.10486 0.10233 0.099589 0.096563 0.093371 0.090129 0.0867 0.083183 0.079581 0.075931 0.072319 0.068588 0.064832 0.061061 0.05723 0.053449 0.049665 0.045873 0.04201 0.038171 0.034291 0.030308 0.026274 0.022126 0.01802 0.013872 0.0097394 0.0058234 0.0028721
-0.90078 -0.030065 0.069875 0.092009 0.10249 0.10788 0.11016 0.11074 0.11002 0.10876 0.10675 0.10436 0.10169 0.098965 0.096016 0.092811 0.089433 0.086037 0.082478 0.078883 0.075191 0.071449 0.067668 0.063884 0.060055 0.056215 0.052322 0.048424 0.044582 0.040736 0.036822 0.032833 0.028918 0.024957 0.020945 0.016878 0.012759 0.0086075 0.004481 0.00057786 -0.0023794
-0.69817 -0.0053647 0.077368 0.095915 0.10433 0.10805 0.10938 0.1092 0.10804 0.10638 0.10411 0.10148 0.098596 0.095508 0.092301 0.088982 0.085502 0.081901 0.078295 0.074556 0.070765 0.066842 0.062975 0.059087 0.055259 0.051297 0.047391 0.043489 0.03948 0.035527 0.031621 0.027696 0.023739 0.019742 0.015698 0.011604 0.007465 0.0032985 -0.00083699 -0.0047468 -0.0077306
-0.52877 0.015559 0.083994 0.099319 0.10557 0.10818 0.10864 0.10776 0.10592 0.10386 0.10138 0.098531 0.095325 0.09205 0.088636 0.085141 0.081487 0.077752 0.074021 0.070174 0.066286 0.062321 0.058374 0.054412 0.050394 0.04649 0.042467 0.038399 0.034444 0.030492 0.026534 0.022559 0.018558 0.01452 0.010439 0.0063135 0.0021464 -0.0020441 -0.0062008 -0.010133 -0.013159
-0.39144 0.033208 0.089767 0.1019 0.10691 0.10812 0.10765 0.1061 0.10364 0.10119 0.098422 0.095356 0.09202 0.088547 0.084908 0.081288 0.077504 0.0736 0.069687 0.065806 0.061832 0.057792 0.053748 0.04971 0.045669 0.041629 0.037508 0.033507 0.029493 0.025484 0.021471 0.017446 0.013397 0.0093152 0.0051942 0.0010315 -0.0031696 -0.0073919 -0.01158 -0.015549 -0.01863
