72	41
0.054875 0.12384 0.16985 0.19411 0.21374 0.23079 0.24612 0.26022 0.27336 0.28573 0.29747 0.30869 0.31948 0.32987 0.33995 0.34972 0.35925 0.36854 0.37763 0.38654 0.39529 0.40388 0.41234 0.42068 0.4289 0.43702 0.44506 0.45301 0.46088 0.46868 0.47643 0.48412 0.49176 0.49936 0.50693 0.51447 0.52198 0.52947 0.53695 0.5444 0.5518
0.061837 0.13214 0.17828 0.20259 0.22223 0.23929 0.25462 0.26873 0.28187 0.29426 0.30601 0.31724 0.32802 0.33842 0.34849 0.35827 0.3678 0.37709 0.38618 0.39509 0.40383 0.41243 0.42089 0.42923 0.43745 0.44558 0.45361 0.46156 0.46943 0.47724 0.48498 0.49267 0.50031 0.50792 0.51548 0.52302 0.53053 0.53803 0.5455 0.55295 0.56036
0.069099 0.14039 0.18665 0.21099 0.23065 0.24772 0.26308 0.27718 0.29032 0.3027 0.31447 0.32571 0.3365 0.3469 0.35698 0.36676 0.37628 0.38558 0.39467 0.40358 0.41232 0.42092 0.42937 0.43771 0.44593 0.45406 0.46209 0.47005 0.47792 0.48573 0.49347 0.50116 0.50881 0.51641 0.52397 0.53151 0.53903 0.54652 0.55399 0.56145 0.56886
0.076497 0.14847 0.19491 0.21927 0.23896 0.25604 0.2714 0.2855 0.29865 0.31103 0.32279 0.33402 0.34483 0.35524 0.36533 0.37512 0.38464 0.39394 0.40303 0.41194 0.42069 0.42928 0.43774 0.44608 0.4543 0.46242 0.47046 0.47841 0.48628 0.49409 0.50183 0.50953 0.51717 0.52477 0.53234 0.53988 0.5474 0.55489 0.56237 0.56982 0.57724
0.0838 0.15632 0.20299 0.22738 0.24707 0.26416 0.27952 0.29363 0.30679 0.31917 0.33094 0.34217 0.35297 0.36338 0.37347 0.38326 0.39279 0.40211 0.4112 0.42011 0.42886 0.43745 0.44591 0.45425 0.46248 0.4706 0.47863 0.48658 0.49446 0.50226 0.51001 0.5177 0.52535 0.53295 0.54052 0.54806 0.55557 0.56307 0.57055 0.57801 0.58543
0.091058 0.16408 0.21077 0.23521 0.25492 0.27203 0.2874 0.30152 0.31468 0.32707 0.33883 0.35007 0.36087 0.37129 0.38137 0.39116 0.40069 0.40999 0.4191 0.42801 0.43676 0.44536 0.45382 0.46217 0.4704 0.47852 0.48656 0.49451 0.50238 0.51019 0.51794 0.52563 0.53327 0.54088 0.54845 0.55599 0.5635 0.571 0.57848 0.58594 0.59336
0.098094 0.17153 0.21824 0.2427 0.26245 0.27957 0.29496 0.30908 0.32224 0.33464 0.34641 0.35766 0.36846 0.37887 0.38896 0.39875 0.40828 0.41759 0.42669 0.43561 0.44436 0.45296 0.46142 0.46976 0.47799 0.48612 0.49415 0.50211 0.50998 0.51779 0.52554 0.53324 0.54088 0.54849 0.55606 0.5636 0.57112 0.57861 0.5861 0.59357 0.601
0.1049 0.17861 0.22538 0.24989 0.26966 0.28679 0.30212 0.31625 0.32943 0.34183 0.35361 0.36486 0.37566 0.38608 0.39618 0.40597 0.41551 0.42481 0.43391 0.44283 0.45158 0.46018 0.46865 0.47699 0.48522 0.49335 0.50139 0.50934 0.51722 0.52503 0.53278 0.54048 0.54812 0.55573 0.5633 0.57085 0.57837 0.58586 0.59335 0.60082 0.60826
0.11134 0.18526 0.2321 0.25662 0.2764 0.29355 0.30895 0.3231 0.33626 0.34866 0.36042 0.37166 0.38246 0.39288 0.40297 0.41277 0.4223 0.43161 0.44072 0.44963 0.45839 0.46699 0.47546 0.4838 0.49203 0.50016 0.5082 0.51616 0.52404 0.53185 0.53959 0.54729 0.55494 0.56255 0.57012 0.57767 0.58518 0.59269 0.60017 0.60765 0.61509
0.11734 0.19145 0.23834 0.26287 0.28267 0.29982 0.31524 0.32939 0.34257 0.35498 0.36676 0.37801 0.38882 0.39925 0.40933 0.41914 0.42867 0.43798 0.44709 0.456 0.46476 0.47336 0.48182 0.49017 0.4984 0.50653 0.51457 0.52252 0.5304 0.53821 0.54596 0.55365 0.5613 0.56891 0.57648 0.58403 0.59155 0.59905 0.60654 0.61402 0.62147
0.1229 0.19713 0.24406 0.2686 0.28839 0.30556 0.32098 0.33513 0.34832 0.36073 0.37252 0.38378 0.39459 0.40502 0.41511 0.42492 0.43446 0.44377 0.45288 0.4618 0.47055 0.47916 0.48763 0.49597 0.50421 0.51234 0.52038 0.52833 0.53621 0.54402 0.55178 0.55947 0.56713 0.57473 0.58231 0.58985 0.59737 0.60488 0.61237 0.61985 0.62731
0.12793 0.20226 0.24921 0.27377 0.29358 0.31075 0.32617 0.34033 0.35352 0.36594 0.37773 0.38899 0.39981 0.41024 0.42034 0.43015 0.43969 0.44901 0.45811 0.46704 0.47579 0.4844 0.49287 0.50122 0.50945 0.51759 0.52563 0.53358 0.54146 0.54928 0.55703 0.56473 0.57239 0.58 0.58757 0.59512 0.60264 0.61014 0.61764 0.62512 0.63259
0.13236 0.20681 0.25379 0.27837 0.29819 0.31537 0.3308 0.34496 0.35816 0.37058 0.38238 0.39364 0.40447 0.4149 0.425 0.43481 0.44436 0.45367 0.46278 0.47171 0.48046 0.48907 0.49755 0.50589 0.51412 0.52226 0.5303 0.53825 0.54614 0.55395 0.5617 0.5694 0.57705 0.58466 0.59223 0.59978 0.60729 0.6148 0.62228 0.62977 0.63724
0.13616 0.21073 0.25774 0.28233 0.30215 0.31934 0.33477 0.34894 0.36214 0.37457 0.38636 0.39763 0.40845 0.41889 0.42898 0.43879 0.44834 0.45765 0.46677 0.47569 0.48445 0.49306 0.50153 0.50987 0.51811 0.52624 0.53428 0.54224 0.55012 0.55793 0.56568 0.57338 0.58103 0.58864 0.59622 0.60376 0.61128 0.61878 0.62627 0.63375 0.64124
0.13932 0.21398 0.26102 0.28562 0.30544 0.32263 0.33806 0.35223 0.36544 0.37786 0.38966 0.40092 0.41174 0.42218 0.43228 0.44208 0.45163 0.46095 0.47006 0.47898 0.48775 0.49635 0.50483 0.51317 0.52141 0.52954 0.53758 0.54554 0.55342 0.56124 0.56899 0.57669 0.58435 0.59196 0.59953 0.60708 0.6146 0.6221 0.62959 0.63708 0.64457
0.14184 0.21654 0.2636 0.28819 0.30802 0.32521 0.34064 0.35481 0.36801 0.38043 0.39223 0.40349 0.41431 0.42475 0.43485 0.44466 0.45421 0.46353 0.47264 0.48157 0.49033 0.49894 0.50742 0.51577 0.52401 0.53215 0.54019 0.54815 0.55604 0.56386 0.57162 0.57932 0.58697 0.59457 0.60215 0.60969 0.61721 0.62472 0.63221 0.6397 0.64721
0.14362 0.21837 0.26542 0.29001 0.30985 0.32703 0.34246 0.35663 0.36983 0.38226 0.39406 0.40533 0.41615 0.4266 0.4367 0.44651 0.45607 0.46539 0.47451 0.48344 0.49221 0.50083 0.50931 0.51766 0.5259 0.53404 0.54208 0.55004 0.55793 0.56575 0.57351 0.58121 0.58886 0.59648 0.60405 0.6116 0.61912 0.62663 0.63412 0.64162 0.64916
0.14467 0.21943 0.26648 0.29108 0.31092 0.3281 0.34354 0.35771 0.37092 0.38335 0.39515 0.40643 0.41726 0.42771 0.43782 0.44764 0.4572 0.46654 0.47566 0.48458 0.49335 0.50197 0.51045 0.51881 0.52705 0.53519 0.54324 0.5512 0.55909 0.56691 0.57467 0.58237 0.59002 0.59764 0.60522 0.61277 0.6203 0.62781 0.63531 0.64281 0.65035
0.14495 0.21972 0.26679 0.29139 0.31123 0.32842 0.34387 0.35805 0.37126 0.3837 0.39552 0.4068 0.41764 0.4281 0.4382 0.44802 0.45759 0.46692 0.47605 0.48499 0.49376 0.50238 0.51086 0.51922 0.52746 0.5356 0.54365 0.55161 0.5595 0.56731 0.57507 0.58278 0.59044 0.59806 0.60564 0.6132 0.62073 0.62823 0.63572 0.64322 0.65081
0.14446 0.21925 0.26633 0.29094 0.31079 0.328 0.34346 0.35765 0.37087 0.38333 0.39512 0.40641 0.41726 0.42772 0.43784 0.44767 0.45724 0.46658 0.4757 0.48464 0.49341 0.50203 0.51051 0.51886 0.5271 0.53524 0.54329 0.55125 0.55914 0.56696 0.57473 0.58244 0.59011 0.59773 0.60531 0.61286 0.62039 0.62791 0.63541 0.64292 0.65056
0.14322 0.21803 0.26512 0.28975 0.30962 0.32685 0.34232 0.35649 0.36972 0.38218 0.394 0.4053 0.41615 0.42662 0.43674 0.44657 0.45614 0.46547 0.4746 0.48353 0.4923 0.50092 0.50939 0.51775 0.52599 0.53413 0.54218 0.55015 0.55804 0.56587 0.57364 0.58134 0.58901 0.59664 0.60423 0.61179 0.61933 0.62685 0.63435 0.64188 0.64951
0.14125 0.21606 0.26319 0.28785 0.30774 0.32492 0.3404 0.35462 0.36786 0.38033 0.39216 0.40345 0.41431 0.42477 0.43489 0.44472 0.45428 0.46361 0.47273 0.48167 0.49043 0.49905 0.50752 0.51588 0.52412 0.53227 0.54033 0.5483 0.55619 0.56402 0.57179 0.57951 0.58719 0.59482 0.60241 0.60998 0.61751 0.62503 0.63255 0.64009 0.64771
0.13854 0.21339 0.26057 0.28518 0.30507 0.32232 0.33781 0.35203 0.36527 0.37774 0.38957 0.40087 0.41172 0.42218 0.4323 0.44212 0.45168 0.46101 0.47013 0.47906 0.48783 0.49644 0.50493 0.51329 0.52154 0.52969 0.53773 0.54571 0.55362 0.56145 0.56923 0.57696 0.58463 0.59226 0.59986 0.60742 0.61496 0.62248 0.63 0.63756 0.64517
0.13514 0.21002 0.25718 0.28184 0.30176 0.31902 0.33451 0.34873 0.36198 0.37444 0.38627 0.39757 0.40841 0.41887 0.42898 0.4388 0.44836 0.45768 0.4668 0.47574 0.48451 0.49313 0.50162 0.50998 0.51822 0.52638 0.53444 0.54243 0.55034 0.55818 0.56596 0.57368 0.58136 0.58899 0.59659 0.60415 0.61169 0.61921 0.62673 0.63432 0.6419
0.13107 0.20601 0.25313 0.27785 0.29778 0.31503 0.33053 0.34475 0.35799 0.37045 0.38228 0.39356 0.40441 0.41486 0.42497 0.43479 0.44434 0.45367 0.46279 0.47173 0.48051 0.48912 0.49761 0.50598 0.51424 0.52241 0.53047 0.53846 0.54637 0.55421 0.56199 0.56971 0.57739 0.58502 0.59262 0.60019 0.60773 0.61525 0.62278 0.63038 0.63795
0.12639 0.20128 0.24849 0.27321 0.29313 0.31039 0.32588 0.3401 0.35334 0.3658 0.37762 0.3889 0.39974 0.41018 0.42029 0.43011 0.43966 0.449 0.45813 0.46706 0.47583 0.48446 0.49297 0.50134 0.50961 0.51777 0.52584 0.53383 0.54174 0.54958 0.55736 0.56508 0.57276 0.58039 0.58799 0.59556 0.6031 0.61063 0.61816 0.62576 0.63334
0.12111 0.19594 0.24324 0.26795 0.28787 0.30512 0.32061 0.33482 0.34806 0.36051 0.37232 0.3836 0.39443 0.40487 0.41498 0.42481 0.43438 0.4437 0.45282 0.46177 0.47056 0.4792 0.4877 0.49608 0.50435 0.51251 0.52058 0.52857 0.53647 0.54432 0.5521 0.55982 0.5675 0.57514 0.58274 0.5903 0.59785 0.60538 0.61292 0.62053 0.62812
0.11529 0.1901 0.2374 0.26211 0.28202 0.29927 0.31476 0.32896 0.34219 0.35464 0.36644 0.37772 0.38854 0.39899 0.40911 0.41893 0.42848 0.43782 0.44696 0.45592 0.46471 0.47335 0.48186 0.49024 0.4985 0.50666 0.51473 0.52272 0.53063 0.53847 0.54625 0.55398 0.56166 0.56929 0.57689 0.58446 0.59201 0.59955 0.60711 0.61473 0.62234
0.10899 0.18375 0.23103 0.25573 0.27564 0.29288 0.30836 0.32256 0.33578 0.34822 0.36002 0.37129 0.38212 0.39258 0.40268 0.4125 0.42208 0.43143 0.44057 0.44953 0.45833 0.46697 0.47547 0.48385 0.49211 0.50028 0.50835 0.51633 0.52424 0.53208 0.53987 0.54759 0.55527 0.56291 0.57051 0.57808 0.58563 0.59317 0.60076 0.60839 0.61602
0.10218 0.17691 0.22417 0.24887 0.26877 0.28601 0.30148 0.31567 0.32888 0.34131 0.35311 0.36438 0.37522 0.38565 0.39577 0.40561 0.4152 0.42455 0.43369 0.44265 0.45145 0.46009 0.46859 0.47697 0.48523 0.4934 0.50147 0.50945 0.51736 0.52521 0.53299 0.54072 0.5484 0.55603 0.56364 0.57121 0.57876 0.58631 0.59393 0.60156 0.60921
0.094902 0.16965 0.21689 0.24157 0.26146 0.27869 0.29416 0.30834 0.32155 0.33397 0.34577 0.35704 0.36786 0.37832 0.38845 0.39829 0.40788 0.41723 0.42638 0.43534 0.44413 0.45277 0.46127 0.46965 0.47792 0.48608 0.49415 0.50214 0.51005 0.51789 0.52567 0.5334 0.54108 0.54872 0.55632 0.5639 0.57146 0.57902 0.58667 0.5943 0.60196
0.087388 0.16202 0.20922 0.2339 0.25378 0.271 0.28646 0.30064 0.31384 0.32626 0.33804 0.34931 0.36015 0.37061 0.38075 0.39059 0.40018 0.40953 0.41868 0.42764 0.43643 0.44507 0.45357 0.46195 0.47022 0.47838 0.48645 0.49444 0.50235 0.51019 0.51798 0.5257 0.53339 0.54102 0.54863 0.55621 0.56377 0.57134 0.57903 0.58665 0.59429
0.079669 0.15408 0.20125 0.2259 0.24578 0.263 0.27845 0.29262 0.30582 0.3182 0.32999 0.34127 0.35212 0.36259 0.37273 0.38257 0.39216 0.40151 0.41066 0.41962 0.42841 0.43705 0.44555 0.45393 0.4622 0.47036 0.47843 0.48642 0.49433 0.50217 0.50996 0.51769 0.52537 0.53301 0.54061 0.54819 0.55576 0.56334 0.57105 0.57868 0.58626
0.071767 0.1459 0.19301 0.21766 0.23753 0.25475 0.2702 0.28436 0.29749 0.30991 0.3217 0.33299 0.34384 0.35431 0.36445 0.37429 0.38388 0.39323 0.40238 0.41134 0.42013 0.42877 0.43728 0.44565 0.45392 0.46208 0.47015 0.47814 0.48605 0.49389 0.50168 0.50941 0.51709 0.52473 0.53234 0.53992 0.54749 0.55509 0.56281 0.57046 0.57798
0.063787 0.13753 0.1846 0.20924 0.2291 0.24632 0.26177 0.27587 0.289 0.30142 0.31323 0.32452 0.33537 0.34584 0.35597 0.36582 0.37541 0.38476 0.39391 0.40287 0.41166 0.4203 0.4288 0.43718 0.44544 0.45361 0.46168 0.46966 0.47757 0.48542 0.4932 0.50093 0.50862 0.51626 0.52387 0.53145 0.53903 0.54664 0.55438 0.56204 0.56951
0.055838 0.12905 0.17607 0.20069 0.22056 0.2378 0.25317 0.2672 0.2804 0.29282 0.30462 0.31591 0.32676 0.33723 0.34737 0.35722 0.3668 0.37616 0.3853 0.39426 0.40305 0.41169 0.4202 0.42857 0.43684 0.445 0.45307 0.46106 0.46897 0.47681 0.4846 0.49233 0.50001 0.50765 0.51526 0.52286 0.53044 0.53807 0.54582 0.55349 0.56092
0.048072 0.12053 0.16748 0.19211 0.212 0.22919 0.24445 0.25854 0.27173 0.28415 0.29596 0.30725 0.3181 0.32857 0.33871 0.34855 0.35814 0.36749 0.37663 0.38559 0.39439 0.40303 0.41153 0.41991 0.42817 0.43633 0.4444 0.45239 0.4603 0.46814 0.47593 0.48366 0.49134 0.49899 0.5066 0.51419 0.52178 0.52943 0.5372 0.54488 0.55228
0.040681 0.11206 0.15893 0.18355 0.20346 0.22054 0.23574 0.24989 0.26308 0.2755 0.2873 0.29859 0.30944 0.31991 0.33005 0.33989 0.34947 0.35883 0.36797 0.37693 0.38572 0.39436 0.40287 0.41124 0.41951 0.42767 0.43574 0.44373 0.45163 0.45948 0.46726 0.47499 0.48268 0.49032 0.49794 0.50553 0.51313 0.52079 0.52858 0.53628 0.54365
0.033989 0.10367 0.15046 0.17511 0.19495 0.21189 0.22715 0.24131 0.2545 0.26691 0.27872 0.29001 0.30085 0.31132 0.32146 0.3313 0.34088 0.35023 0.35938 0.36834 0.37713 0.38577 0.39427 0.40265 0.41091 0.41907 0.42714 0.43513 0.44304 0.45088 0.45866 0.46639 0.47408 0.48173 0.48934 0.49694 0.50454 0.51222 0.52003 0.52774 0.53509
0.028457 0.095477 0.14216 0.16684 0.18656 0.20339 0.21873 0.23289 0.24607 0.25848 0.27028 0.28156 0.29241 0.30287 0.313 0.32284 0.33243 0.34178 0.35092 0.35988 0.36868 0.37731 0.38581 0.39419 0.40246 0.41062 0.41868 0.42667 0.43458 0.44242 0.4502 0.45793 0.46562 0.47327 0.48088 0.48849 0.49609 0.50379 0.51161 0.51933 0.52667
0.024725 0.08754 0.13409 0.15873 0.17835 0.19514 0.21052 0.22466 0.23784 0.25024 0.26204 0.27332 0.28416 0.29462 0.30475 0.31459 0.32417 0.33353 0.34267 0.35163 0.36042 0.36906 0.37756 0.38594 0.3942 0.40236 0.41042 0.41841 0.42632 0.43416 0.44194 0.44967 0.45736 0.46501 0.47263 0.48023 0.48784 0.49555 0.50339 0.51113 0.51846
0.02348 0.079934 0.12631 0.15086 0.17034 0.18719 0.20257 0.21671 0.22988 0.24228 0.25407 0.26535 0.27619 0.28664 0.29677 0.30661 0.31619 0.32554 0.33468 0.34364 0.35243 0.36107 0.36957 0.37794 0.3862 0.39436 0.40243 0.41041 0.41832 0.42616 0.43395 0.44168 0.44936 0.45701 0.46463 0.47224 0.47986 0.48757 0.49544 0.50318 0.51052
0.024902 0.072717 0.11887 0.14334 0.16269 0.17958 0.19496 0.2091 0.22226 0.23465 0.24643 0.25771 0.26853 0.27899 0.28912 0.29895 0.30853 0.31788 0.32702 0.33597 0.34476 0.3534 0.3619 0.37027 0.37854 0.38669 0.39476 0.40274 0.41065 0.41849 0.42627 0.434 0.44169 0.44934 0.45696 0.46457 0.47219 0.47991 0.48781 0.49556 0.50292
0.028259 0.065981 0.11183 0.13619 0.15547 0.17238 0.18775 0.20187 0.21503 0.22741 0.23919 0.25046 0.26128 0.27173 0.28185 0.29168 0.30125 0.3106 0.31974 0.32869 0.33748 0.34611 0.35461 0.36298 0.37125 0.3794 0.38747 0.39545 0.40336 0.4112 0.41898 0.42671 0.4344 0.44205 0.44967 0.45728 0.46491 0.47263 0.48055 0.48832 0.49573
0.032631 0.059756 0.1052 0.12949 0.14875 0.16561 0.18098 0.1951 0.20825 0.22063 0.23239 0.24365 0.25447 0.26491 0.27503 0.28485 0.29442 0.30376 0.3129 0.32185 0.33063 0.33927 0.34777 0.35614 0.3644 0.37255 0.38062 0.3886 0.39651 0.40435 0.41213 0.41986 0.42755 0.4352 0.44282 0.45043 0.45806 0.46578 0.47374 0.4815 0.48899
0.03744 0.054182 0.09903 0.1233 0.14255 0.15936 0.17472 0.18882 0.20197 0.21434 0.2261 0.23734 0.24816 0.25859 0.2687 0.27852 0.28808 0.29742 0.30655 0.3155 0.32429 0.33292 0.34141 0.34978 0.35804 0.3662 0.37426 0.38224 0.39015 0.39799 0.40576 0.41349 0.42118 0.42883 0.43646 0.44407 0.4517 0.45941 0.4674 0.47518 0.48278
0.042277 0.049249 0.093419 0.11762 0.13696 0.15369 0.16899 0.1831 0.19624 0.2086 0.22035 0.23159 0.24239 0.25282 0.26292 0.27273 0.28229 0.29162 0.30075 0.3097 0.31848 0.32711 0.3356 0.34397 0.35223 0.36038 0.36844 0.37642 0.38432 0.39216 0.39994 0.40767 0.41535 0.423 0.43063 0.43825 0.44587 0.45358 0.4616 0.46938 0.47717
0.046889 0.045019 0.088394 0.11249 0.13198 0.14864 0.16387 0.17796 0.1911 0.20346 0.2152 0.22643 0.23722 0.24764 0.25774 0.26754 0.27709 0.28642 0.29554 0.30448 0.31326 0.32188 0.33037 0.33874 0.34699 0.35514 0.3632 0.37118 0.37908 0.38692 0.3947 0.40243 0.41011 0.41776 0.42539 0.433 0.44062 0.44832 0.4563 0.46416 0.47197
0.051098 0.041543 0.084013 0.10795 0.1275 0.14427 0.15937 0.17346 0.18659 0.19894 0.21067 0.2219 0.23269 0.2431 0.25318 0.26298 0.27253 0.28184 0.29096 0.2999 0.30867 0.31729 0.32578 0.33414 0.34239 0.35054 0.35859 0.36657 0.37447 0.3823 0.39008 0.39781 0.40549 0.41314 0.42076 0.42837 0.43599 0.44367 0.45161 0.45955 0.46736
0.054789 0.038813 0.080339 0.10411 0.1236 0.14055 0.15562 0.16962 0.18274 0.1951 0.20682 0.21804 0.22882 0.23923 0.2493 0.25909 0.26863 0.27794 0.28705 0.29598 0.30474 0.31336 0.32184 0.3302 0.33845 0.34659 0.35464 0.36261 0.37051 0.37834 0.38612 0.39384 0.40152 0.40917 0.41679 0.4244 0.43201 0.43968 0.44756 0.45559 0.46338
0.057928 0.036868 0.077384 0.10099 0.12038 0.13736 0.15262 0.16646 0.1796 0.19195 0.20366 0.21487 0.22564 0.23604 0.24611 0.2559 0.26543 0.27473 0.28384 0.29276 0.30152 0.31013 0.3186 0.32695 0.3352 0.34334 0.35139 0.35935 0.36725 0.37507 0.38285 0.39057 0.39824 0.40589 0.41351 0.42111 0.42872 0.43637 0.44421 0.45229 0.46009
0.060506 0.035629 0.075168 0.098635 0.11795 0.13484 0.15011 0.16416 0.1772 0.18951 0.20121 0.21243 0.22319 0.23359 0.24365 0.25342 0.26295 0.27225 0.28135 0.29026 0.29901 0.30762 0.31609 0.32443 0.33267 0.3408 0.34885 0.35681 0.3647 0.37252 0.38029 0.388 0.39568 0.40332 0.41094 0.41854 0.42614 0.43378 0.44156 0.4497 0.45748
0.062448 0.035041 0.073697 0.097038 0.11629 0.13313 0.14835 0.16239 0.1755 0.18786 0.19948 0.21072 0.22148 0.23187 0.24193 0.25169 0.26122 0.27051 0.2796 0.28851 0.29726 0.30585 0.31432 0.32266 0.33089 0.33901 0.34705 0.35501 0.36289 0.37071 0.37847 0.38618 0.39385 0.40149 0.4091 0.41669 0.42429 0.43191 0.43964 0.44774 0.45559
0.063752 0.035002 0.072961 0.096192 0.11538 0.1322 0.1474 0.16139 0.17447 0.18681 0.19853 0.20975 0.22051 0.2309 0.24095 0.25072 0.26023 0.26952 0.27861 0.28751 0.29626 0.30485 0.31331 0.32164 0.32986 0.33799 0.34602 0.35397 0.36184 0.36965 0.37741 0.38512 0.39278 0.40041 0.40801 0.4156 0.42319 0.43079 0.43848 0.44642 0.45445
0.064378 0.035465 0.072957 0.096096 0.11524 0.13203 0.1472 0.16118 0.17425 0.18656 0.19826 0.20947 0.22024 0.23064 0.24073 0.25049 0.26 0.26929 0.27837 0.28728 0.29601 0.3046 0.31306 0.32139 0.32961 0.33773 0.34575 0.35369 0.36156 0.36937 0.37712 0.38482 0.39247 0.4001 0.40769 0.41527 0.42285 0.43044 0.43808 0.44592 0.45405
0.064321 0.036355 0.073669 0.09675 0.11585 0.13261 0.14776 0.16173 0.17479 0.1871 0.19879 0.20999 0.22074 0.23112 0.24119 0.25097 0.26049 0.2698 0.2789 0.28777 0.29653 0.30511 0.31356 0.32189 0.33011 0.33823 0.34625 0.35419 0.36206 0.36986 0.3776 0.38529 0.39294 0.40056 0.40815 0.41572 0.42328 0.43085 0.43846 0.44622 0.45441
0.063546 0.037604 0.075062 0.098115 0.11719 0.13394 0.14907 0.16303 0.17607 0.18838 0.20007 0.21125 0.222 0.23238 0.24243 0.25221 0.26173 0.27101 0.28011 0.28901 0.29777 0.30638 0.31484 0.32317 0.33136 0.33947 0.34749 0.35544 0.3633 0.3711 0.37884 0.38653 0.39417 0.40179 0.40937 0.41693 0.42448 0.43204 0.43962 0.4473 0.45522
0.062088 0.039185 0.077094 0.10016 0.11925 0.13599 0.15113 0.16508 0.17811 0.1904 0.20209 0.21326 0.22401 0.23439 0.24443 0.2542 0.26371 0.27299 0.28207 0.29098 0.29972 0.30832 0.31678 0.32511 0.33335 0.34148 0.34952 0.35746 0.36532 0.37306 0.38081 0.3885 0.39614 0.40376 0.41134 0.41889 0.42644 0.43398 0.44155 0.44916 0.45689
0.059999 0.041149 0.079754 0.10289 0.122 0.13874 0.15386 0.1678 0.18085 0.19314 0.20483 0.216 0.22675 0.23711 0.24716 0.25692 0.26643 0.27571 0.28479 0.29369 0.30242 0.31101 0.31947 0.3278 0.33602 0.34414 0.35217 0.36012 0.36799 0.3758 0.38356 0.39126 0.39891 0.40651 0.41404 0.42157 0.42911 0.43664 0.44419 0.45177 0.45938
0.057346 0.04358 0.082989 0.10621 0.12536 0.14211 0.15726 0.17122 0.18426 0.19654 0.20824 0.21941 0.23016 0.24053 0.25058 0.26033 0.26985 0.27912 0.2882 0.2971 0.30583 0.31442 0.32287 0.3312 0.33941 0.34753 0.35556 0.3635 0.37137 0.37917 0.38691 0.3946 0.40226 0.40987 0.41746 0.42502 0.43256 0.4401 0.44763 0.45516 0.46266
0.054195 0.046589 0.086837 0.11019 0.12937 0.14615 0.16129 0.17526 0.18829 0.20061 0.21229 0.22348 0.23422 0.24461 0.25464 0.26441 0.27392 0.2832 0.29229 0.30119 0.30992 0.3185 0.32696 0.33528 0.34351 0.35163 0.35965 0.36759 0.37545 0.38325 0.39099 0.39868 0.40632 0.41392 0.42149 0.42905 0.43658 0.44411 0.45163 0.45916 0.46667
0.050676 0.050198 0.09133 0.11475 0.13397 0.15077 0.16595 0.17992 0.19297 0.20528 0.21697 0.22815 0.23891 0.24929 0.25934 0.26912 0.27862 0.2879 0.29698 0.30589 0.31463 0.32321 0.33166 0.33999 0.3482 0.35632 0.36434 0.37228 0.38015 0.38794 0.39568 0.40337 0.41101 0.41862 0.42619 0.43374 0.44127 0.44878 0.45629 0.46379 0.47126
0.046928 0.05446 0.096378 0.11989 0.13916 0.15599 0.17118 0.18516 0.19821 0.21054 0.22225 0.23343 0.24419 0.25457 0.26462 0.27438 0.2839 0.29317 0.30224 0.31113 0.31986 0.32845 0.3369 0.34522 0.35344 0.36156 0.3696 0.37754 0.38541 0.39321 0.40095 0.40865 0.41629 0.42389 0.43147 0.43901 0.44654 0.45406 0.46156 0.46905 0.47649
0.043137 0.059338 0.10199 0.12561 0.14492 0.16176 0.17696 0.19096 0.20402 0.21634 0.22806 0.23925 0.25001 0.2604 0.27043 0.28017 0.28969 0.29898 0.30807 0.31697 0.32571 0.33431 0.34277 0.3511 0.35933 0.36744 0.37547 0.38341 0.39128 0.39909 0.40682 0.41452 0.42216 0.42977 0.43734 0.44488 0.45241 0.45992 0.46741 0.47489 0.48231
0.039562 0.064834 0.10812 0.13184 0.15119 0.16806 0.18327 0.19729 0.21036 0.22268 0.23439 0.24558 0.25635 0.26672 0.27679 0.28656 0.29608 0.30537 0.31446 0.32336 0.3321 0.3407 0.34916 0.35749 0.36572 0.37384 0.38188 0.38983 0.39769 0.40549 0.41322 0.42091 0.42856 0.43616 0.44373 0.45127 0.45879 0.46629 0.47378 0.48125 0.48867
0.036561 0.070898 0.11472 0.13854 0.15794 0.17483 0.19006 0.20407 0.21715 0.22948 0.2412 0.25243 0.26318 0.27356 0.28362 0.29339 0.30291 0.3122 0.32129 0.33019 0.33893 0.34752 0.35598 0.36432 0.37255 0.38067 0.3887 0.39665 0.40453 0.41233 0.42008 0.42777 0.43541 0.44302 0.4506 0.45814 0.46566 0.47316 0.48064 0.4881 0.4955
0.034603 0.077451 0.12176 0.14567 0.1651 0.18202 0.19726 0.21128 0.22436 0.23672 0.24845 0.25967 0.27042 0.28081 0.29086 0.30064 0.31015 0.31944 0.32853 0.33744 0.34618 0.35477 0.36323 0.37156 0.37979 0.38792 0.39595 0.4039 0.41177 0.41958 0.42732 0.43502 0.44266 0.45027 0.45784 0.46539 0.47291 0.48041 0.48789 0.49535 0.50276
0.034096 0.084449 0.12917 0.15316 0.17262 0.18957 0.20483 0.21887 0.23198 0.24431 0.25604 0.26727 0.27803 0.28841 0.29847 0.30825 0.31776 0.32705 0.33614 0.34505 0.35379 0.36238 0.37084 0.37918 0.3874 0.39553 0.40356 0.41151 0.41938 0.42719 0.43494 0.44263 0.45027 0.45788 0.46545 0.473 0.48052 0.48801 0.49549 0.50295 0.51035
0.035357 0.09183 0.1369 0.16096 0.18047 0.19744 0.21271 0.22676 0.23987 0.25221 0.26395 0.27516 0.28594 0.29633 0.30639 0.31616 0.32568 0.33497 0.34406 0.35297 0.36171 0.37031 0.37876 0.3871 0.39532 0.40345 0.41148 0.41943 0.42731 0.43511 0.44286 0.45056 0.4582 0.4658 0.47337 0.48091 0.48843 0.49592 0.5034 0.51085 0.51825
0.038386 0.099522 0.1449 0.16902 0.18856 0.20556 0.22085 0.23491 0.24802 0.26037 0.27211 0.28332 0.2941 0.30449 0.31456 0.32433 0.33385 0.34315 0.35223 0.36114 0.36988 0.37848 0.38694 0.39528 0.4035 0.41162 0.41965 0.4276 0.43548 0.44329 0.45103 0.45872 0.46637 0.47397 0.48154 0.48908 0.49659 0.50408 0.51156 0.51901 0.52641
0.042923 0.10747 0.1531 0.17727 0.19686 0.21387 0.22917 0.24324 0.25637 0.26872 0.28045 0.29167 0.30245 0.31285 0.32292 0.33269 0.34221 0.35151 0.36059 0.3695 0.37824 0.38684 0.3953 0.40364 0.41186 0.41998 0.42802 0.43597 0.44384 0.45165 0.45939 0.46708 0.47472 0.48233 0.48989 0.49743 0.50495 0.51244 0.51991 0.52736 0.53476
0.048451 0.1156 0.16144 0.18566 0.20526 0.2223 0.23762 0.2517 0.26484 0.2772 0.28893 0.30015 0.31093 0.32133 0.3314 0.34118 0.3507 0.35999 0.36909 0.37799 0.38673 0.39533 0.40379 0.41212 0.42035 0.42847 0.43651 0.44446 0.45233 0.46013 0.46788 0.47557 0.48321 0.49081 0.49838 0.50592 0.51343 0.52092 0.52839 0.53585 0.54325
