72	41
0.075 0.2092 0.2931 0.33687 0.37213 0.40267 0.43009 0.45525 0.47869 0.50074 0.52168 0.54167 0.56087 0.57938 0.5973 0.61469 0.63162 0.64814 0.66429 0.68012 0.69564 0.7109 0.72591 0.74071 0.75531 0.76972 0.78397 0.79808 0.81205 0.8259 0.83964 0.85328 0.86684 0.88033 0.89375 0.90711 0.92042 0.9337 0.94695 0.96018 0.97339
0.075 0.2092 0.2931 0.33687 0.37213 0.40267 0.43009 0.45525 0.47869 0.50074 0.52168 0.54167 0.56087 0.57938 0.5973 0.61469 0.63162 0.64814 0.66429 0.68012 0.69564 0.7109 0.72591 0.74071 0.75531 0.76972 0.78397 0.79808 0.81205 0.8259 0.83964 0.85328 0.86684 0.88033 0.89375 0.90711 0.92042 0.9337 0.94695 0.96018 0.97339
0.075 0.2092 0.2931 0.33687 0.37213 0.40267 0.43009 0.45525 0.47869 0.50074 0.52168 0.54167 0.56087 0.57938 0.5973 0.61469 0.63162 0.64814 0.66429 0.68012 0.69564 0.7109 0.72591 0.74071 0.75531 0.76972 0.78397 0.79808 0.81205 0.8259 0.83964 0.85328 0.86684 0.88033 0.89375 0.90711 0.92042 0.9337 0.94695 0.96018 0.97339
0.075 0.2092 0.2931 0.33687 0.37213 0.40267 0.43009 0.45525 0.47869 0.50074 0.52168 0.54167 0.56087 0.57938 0.5973 0.61469 0.63162 0.64814 0.66429 0.68012 0.69564 0.7109 0.72591 0.74071 0.75531 0.76972 0.78397 0.79808 0.81205 0.8259 0.83964 0.85328 0.86684 0.88033 0.89375 0.90711 0.92042 0.9337 0.94695 0.96018 0.97339
0.075 0.2092 0.2931 0.33687 0.37213 0.40267 0.43009 0.45525 0.47869 0.50074 0.52168 0.54167 0.56087 0.57938 0.5973 0.61469 0.63162 0.64814 0.66429 0.68012 0.69564 0.7109 0.72591 0.74071 0.75531 0.76972 0.78397 0.79808 0.81205 0.8259 0.83964 0.85328 0.86684 0.88033 0.89375 0.90711 0.92042 0.9337 0.94695 0.96018 0.97339
0.075 0.2092 0.2931 0.33687 0.37213 0.40267 0.43009 0.45525 0.47869 0.50074 0.52168 0.54167 0.56087 0.57938 0.5973 0.61469 0.63162 0.64814 0.66429 0.68012 0.69564 0.7109 0.72591 0.74071 0.75531 0.76972 0.78397 0.79808 0.81205 0.8259 0.83964 0.85328 0.86684 0.88033 0.89375 0.90711 0.92042 0.9337 0.94695 0.96018 0.97339
0.075 0.2092 0.2931 0.33687 0.37213 0.40267 0.43009 0.45525 0.47869 0.50074 0.52168 0.54167 0.56087 0.57938 0.5973 0.61469 0.63162 0.64814 0.66429 0.68012 0.69564 0.7109 0.72591 0.74071 0.75531 0.76972 0.78397 0.79808 0.81205 0.8259 0.83964 0.85328 0.86684 0.88033 0.89375 0.90711 0.92042 0.9337 0.94695 0.96018 0.97339
0.075 0.2092 0.2931 0.33687 0.37213 0.40267 0.43009 0.45525 0.47869 0.50074 0.52168 0.54167 0.56087 0.57938 0.5973 0.61469 0.63162 0.64814 0.66429 0.68012 0.69564 0.7109 0.72591 0.74071 0.75531 0.76972 0.78397 0.79808 0.81205 0.8259 0.83964 0.85328 0.86684 0.88033 0.89375 0.90711 0.92042 0.9337 0.94695 0.96018 0.97339
0.075 0.2092 0.2931 0.33687 0.37213 0.40267 0.43009 0.45525 0.47869 0.50074 0.52168 0.54167 0.56087 0.57938 0.5973 0.61469 0.63162 0.64814 0.66429 0.68012 0.69564 0.7109 0.72591 0.74071 0.75531 0.76972 0.78397 0.79808 0.81205 0.8259 0.83964 0.85328 0.86684 0.88033 0.89375 0.90711 0.92042 0.9337 0.94695 0.96018 0.97339
0.075 0.2092 0.2931 0.33687 0.37213 0.40267 0.43009 0.45525 0.47869 0.50074 0.52168 0.54167 0.56087 0.57938 0.5973 0.61469 0.63162 0.64814 0.66429 0.68012 0.69564 0.7109 0.72591 0.74071 0.75531 0.76972 0.78397 0.79808 0.81205 0.8259 0.83964 0.85328 0.86684 0.88033 0.89375 0.90711 0.92042 0.9337 0.94695 0.96018 0.97339
0.075 0.2092 0.2931 0.33687 0.37213 0.40267 0.43009 0.45525 0.47869 0.50074 0.52168 0.54167 0.56087 0.57938 0.5973 0.61469 0.63162 0.64814 0.66429 0.68012 0.69564 0.7109 0.72591 0.74071 0.75531 0.76972 0.78397 0.79808 0.81205 0.8259 0.83964 0.85328 0.86684 0.88033 0.89375 0.90711 0.92042 0.9337 0.94695 0.96018 0.97339
0.075 0.2092 0.2931 0.33687 0.37213 0.40267 0.43009 0.45525 0.47869 0.50074 0.52168 0.54167 0.56087 0.57938 0.5973 0.61469 0.63162 0.64814 0.66429 0.68012 0.69564 0.7109 0.72591 0.74071 0.75531 0.76972 0.78397 0.79808 0.81205 0.8259 0.83964 0.85328 0.86684 0.88033 0.89375 0.90711 0.92042 0.9337 0.94695 0.96018 0.97339
0.075 0.2092 0.2931 0.33687 0.37213 0.40267 0.43009 0.45525 0.47869 0.50074 0.52168 0.54167 0.56087 0.57938 0.5973 0.61469 0.63162 0.64814 0.66429 0.68012 0.69564 0.7109 0.72591 0.74071 0.75531 0.76972 0.78397 0.79808 0.81205 0.8259 0.83964 0.85328 0.86684 0.88033 0.89375 0.90711 0.92042 0.9337 0.94695 0.96018 0.97339
0.075 0.2092 0.2931 0.33687 0.37213 0.40267 0.43009 0.45525 0.47869 0.50074 0.52168 0.54167 0.56087 0.57938 0.5973 0.61469 0.63162 0.64814 0.66429 0.68012 0.69564 0.7109 0.72591 0.74071 0.75531 0.76972 0.78397 0.79808 0.81205 0.8259 0.83964 0.85328 0.86684 0.88033 0.89375 0.90711 0.92042 0.9337 0.94695 0.96018 0.97339
0.075 0.2092 0.2931 0.33687 0.37213 0.40267 0.43009 0.45525 0.47869 0.50074 0.52168 0.54167 0.56087 0.57938 0.5973 0.61469 0.63162 0.64814 0.66429 0.68012 0.69564 0.7109 0.72591 0.74071 0.75531 0.76972 0.78397 0.79808 0.81205 0.8259 0.83964 0.85328 0.86684 0.88033 0.89375 0.90711 0.92042 0.9337 0.94695 0.96018 0.97339
0.075 0.2092 0.2931 0.33687 0.37213 0.40267 0.43009 0.45525 0.47869 0.50074 0.52168 0.54167 0.56087 0.57938 0.5973 0.61469 0.63162 0.64814 0.66429 0.68012 0.69564 0.7109 0.72591 0.74071 0.75531 0.76972 0.78397 0.79808 0.81205 0.8259 0.83964 0.85328 0.86684 0.88033 0.89375 0.90711 0.92042 0.9337 0.94695 0.96018 0.97339
0.075 0.2092 0.2931 0.33687 0.37213 0.40267 0.43009 0.45525 0.47869 0.50074 0.52168 0.54167 0.56087 0.57938 0.5973 0.61469 0.63162 0.64814 0.66429 0.68012 0.69564 0.7109 0.72591 0.74071 0.75531 0.76972 0.78397 0.79808 0.81205 0.8259 0.83964 0.85328 0.86684 0.88033 0.89375 0.90711 0.92042 0.9337 0.94695 0.96018 0.97339
0.075 0.2092 0.2931 0.33687 0.37213 0.40267 0.43009 0.45525 0.47869 0.50074 0.52168 0.54167 0.56087 0.57938 0.5973 0.61469 0.63162 0.64814 0.66429 0.68012 0.69564 0.7109 0.72591 0.74071 0.75531 0.76972 0.78397 0.79808 0.81205 0.8259 0.83964 0.85328 0.86684 0.88033 0.89375 0.90711 0.92042 0.9337 0.94695 0.96018 0.97339
0.075 0.2092 0.2931 0.33687 0.37213 0.40267 0.43009 0.45525 0.47869 0.50074 0.52168 0.54167 0.56087 0.57938 0.5973 0.61469 0.63162 0.64814 0.66429 0.68012 0.69564 0.7109 0.72591 0.74071 0.75531 0.76972 0.78397 0.79808 0.81205 0.8259 0.83964 0.85328 0.86684 0.88033 0.89375 0.90711 0.92042 0.9337 0.94695 0.96018 0.97339
0.075 0.2092 0.2931 0.33687 0.37213 0.40267 0.43009 0.45525 0.47869 0.50074 0.52168 0.54167 0.56087 0.57938 0.5973 0.61469 0.63162 0.64814 0.66429 0.68012 0.69564 0.7109 0.72591 0.74071 0.75531 0.76972 0.78397 0.79808 0.81205 0.8259 0.83964 0.85328 0.86684 0.88033 0.89375 0.90711 0.92042 0.9337 0.94695 0.96018 0.97339
0.075 0.2092 0.2931 0.33687 0.37213 0.40267 0.43009 0.45525 0.47869 0.50074 0.52168 0.54167 0.56087 0.57938 0.5973 0.61469 0.63162 0.64814 0.66429 0.68012 0.69564 0.7109 0.72591 0.74071 0.75531 0.76972 0.78397 0.79808 0.81205 0.8259 0.83964 0.85328 0.86684 0.88033 0.89375 0.90711 0.92042 0.9337 0.94695 0.96018 0.97339
0.075 0.2092 0.2931 0.33687 0.37213 0.40267 0.43009 0.45525 0.47869 0.50074 0.52168 0.54167 0.56087 0.57938 0.5973 0.61469 0.63162 0.64814 0.66429 0.68012 0.69564 0.7109 0.72591 0.74071 0.75531 0.76972 0.78397 0.79808 0.81205 0.8259 0.83964 0.85328 0.86684 0.88033 0.89375 0.90711 0.92042 0.9337 0.94695 0.96018 0.97339
0.075 0.2092 0.2931 0.33687 0.37213 0.40267 0.43009 0.45525 0.47869 0.50074 0.52168 0.54167 0.56087 0.57938 0.5973 0.61469 0.63162 0.64814 0.66429 0.68012 0.69564 0.7109 0.72591 0.74071 0.75531 0.76972 0.78397 0.79808 0.81205 0.8259 0.83964 0.85328 0.86684 0.88033 0.89375 0.90711 0.92042 0.9337 0.94695 0.96018 0.97339
0.075 0.2092 0.2931 0.33687 0.37213 0.40267 0.43009 0.45525 0.47869 0.50074 0.52168 0.54167 0.56087 0.57938 0.5973 0.61469 0.63162 0.64814 0.66429 0.68012 0.69564 0.7109 0.72591 0.74071 0.75531 0.76972 0.78397 0.79808 0.81205 0.8259 0.83964 0.85328 0.86684 0.88033 0.89375 0.90711 0.92042 0.9337 0.94695 0.96018 0.97339
0.075 0.2092 0.2931 0.33687 0.37213 0.40267 0.43009 0.45525 0.47869 0.50074 0.52168 0.54167 0.56087 0.57938 0.5973 0.61469 0.63162 0.64814 0.66429 0.68012 0.69564 0.7109 0.72591 0.74071 0.75531 0.76972 0.78397 0.79808 0.81205 0.8259 0.83964 0.85328 0.86684 0.88033 0.89375 0.90711 0.92042 0.9337 0.94695 0.96018 0.97339
0.075 0.2092 0.2931 0.33687 0.37213 0.40267 0.43009 0.45525 0.47869 0.50074 0.52168 0.54167 0.56087 0.57938 0.5973 0.61469 0.63162 0.64814 0.66429 0.68012 0.69564 0.7109 0.72591 0.74071 0.75531 0.76972 0.78397 0.79808 0.81205 0.8259 0.83964 0.85328 0.86684 0.88033 0.89375 0.90711 0.92042 0.9337 0.94695 0.96018 0.97339
0.075 0.2092 0.2931 0.33687 0.37213 0.40267 0.43009 0.45525 0.47869 0.50074 0.52168 0.54167 0.56087 0.57938 0.5973 0.61469 0.63162 0.64814 0.66429 0.68012 0.69564 0.7109 0.72591 0.74071 0.75531 0.76972 0.78397 0.79808 0.81205 0.8259 0.83964 0.85328 0.86684 0.88033 0.89375 0.90711 0.92042 0.9337 0.94695 0.96018 0.97339
0.075 0.2092 0.2931 0.33687 0.37213 0.40267 0.43009 0.45525 0.47869 0.50074 0.52168 0.54167 0.56087 0.57938 0.5973 0.61469 0.63162 0.64814 0.66429 0.68012 0.69564 0.7109 0.72591 0.74071 0.75531 0.76972 0.78397 0.79808 0.81205 0.8259 0.83964 0.85328 0.86684 0.88033 0.89375 0.90711 0.92042 0.9337 0.94695 0.96018 0.97339
0.075 0.2092 0.2931 0.33687 0.37213 0.40267 0.43009 0.45525 0.47869 0.50074 0.52168 0.54167 0.56087 0.57938 0.5973 0.61469 0.63162 0.64814 0.66429 0.68012 0.69564 0.7109 0.72591 0.74071 0.75531 0.76972 0.78397 0.79808 0.81205 0.8259 0.83964 0.85328 0.86684 0.88033 0.89375 0.90711 0.92042 0.9337 0.94695 0.96018 0.97339
0.075 0.2092 0.2931 0.33687 0.37213 0.40267 0.43009 0.45525 0.47869 0.50074 0.52168 0.54167 0.56087 0.57938 0.5973 0.61469 0.63162 0.64814 0.66429 0.68012 0.69564 0.7109 0.72591 0.74071 0.75531 0.76972 0.78397 0.79808 0.81205 0.8259 0.83964 0.85328 0.86684 0.88033 0.89375 0.90711 0.92042 0.9337 0.94695 0.96018 0.97339
0.075 0.2092 0.2931 0.33687 0.37213 0.40267 0.43009 0.45525 0.47869 0.50074 0.52168 0.54167 0.56087 0.57938 0.5973 0.61469 0.63162 0.64814 0.66429 0.68012 0.69564 0.7109 0.72591 0.74071 0.75531 0.76972 0.78397 0.79808 0.81205 0.8259 0.83964 0.85328 0.86684 0.88033 0.89375 0.90711 0.92042 0.9337 0.94695 0.96018 0.97339
0.075 0.2092 0.2931 0.33687 0.37213 0.40267 0.43009 0.45525 0.47869 0.50074 0.52168 0.54167 0.56087 0.57938 0.5973 0.61469 0.63162 0.64814 0.66429 0.68012 0.69564 0.7109 0.72591 0.74071 0.75531 0.76972 0.78397 0.79808 0.81205 0.8259 0.83964 0.85328 0.86684 0.88033 0.89375 0.90711 0.92042 0.9337 0.94695 0.96018 0.97339
0.075 0.2092 0.2931 0.33687 0.37213 0.40267 0.43009 0.45525 0.47869 0.50074 0.52168 0.54167 0.56087 0.57938 0.5973 0.61469 0.63162 0.64814 0.66429 0.68012 0.69564 0.7109 0.72591 0.74071 0.75531 0.76972 0.78397 0.79808 0.81205 0.8259 0.83964 0.85328 0.86684 0.88033 0.89375 0.90711 0.92042 0.9337 0.94695 0.96018 0.97339
0.075 0.2092 0.2931 0.33687 0.37213 0.40267 0.43009 0.45525 0.47869 0.50074 0.52168 0.54167 0.56087 0.57938 0.5973 0.61469 0.63162 0.64814 0.66429 0.68012 0.69564 0.7109 0.72591 0.74071 0.75531 0.76972 0.78397 0.79808 0.81205 0.8259 0.83964 0.85328 0.86684 0.88033 0.89375 0.90711 0.92042 0.9337 0.94695 0.96018 0.97339
0.075 0.2092 0.2931 0.33687 0.37213 0.40267 0.43009 0.45525 0.47869 0.50074 0.52168 0.54167 0.56087 0.57938 0.5973 0.61469 0.63162 0.64814 0.66429 0.68012 0.69564 0.7109 0.72591 0.74071 0.75531 0.76972 0.78397 0.79808 0.81205 0.8259 0.83964 0.85328 0.86684 0.88033 0.89375 0.90711 0.92042 0.9337 0.94695 0.96018 0.97339
0.075 0.2092 0.2931 0.33687 0.37213 0.40267 0.43009 0.45525 0.47869 0.50074 0.52168 0.54167 0.56087 0.57938 0.5973 0.61469 0.63162 0.64814 0.66429 0.68012 0.69564 0.7109 0.72591 0.74071 0.75531 0.76972 0.78397 0.79808 0.81205 0.8259 0.83964 0.85328 0.86684 0.88033 0.89375 0.90711 0.92042 0.9337 0.94695 0.96018 0.97339
0.075 0.2092 0.2931 0.33687 0.37213 0.40267 0.43009 0.45525 0.47869 0.50074 0.52168 0.54167 0.56087 0.57938 0.5973 0.61469 0.63162 0.64814 0.66429 0.68012 0.69564 0.7109 0.72591 0.74071 0.75531 0.76972 0.78397 0.79808 0.81205 0.8259 0.83964 0.85328 0.86684 0.88033 0.89375 0.90711 0.92042 0.9337 0.94695 0.96018 0.97339
0.075 0.2092 0.2931 0.33687 0.37213 0.40267 0.43009 0.45525 0.47869 0.50074 0.52168 0.54167 0.56087 0.57938 0.5973 0.61469 0.63162 0.64814 0.66429 0.68012 0.69564 0.7109 0.72591 0.74071 0.75531 0.76972 0.78397 0.79808 0.81205 0.8259 0.83964 0.85328 0.86684 0.88033 0.89375 0.90711 0.92042 0.9337 0.94695 0.96018 0.97339
0.075 0.2092 0.2931 0.33687 0.37213 0.40267 0.43009 0.45525 0.47869 0.50074 0.52168 0.54167 0.56087 0.57938 0.5973 0.61469 0.63162 0.64814 0.66429 0.68012 0.69564 0.7109 0.72591 0.74071 0.75531 0.76972 0.78397 0.79808 0.81205 0.8259 0.83964 0.85328 0.86684 0.88033 0.89375 0.90711 0.92042 0.9337 0.94695 0.96018 0.97339
0.075 0.2092 0.2931 0.33687 0.37213 0.40267 0.43009 0.45525 0.47869 0.50074 0.52168 0.54167 0.56087 0.57938 0.5973 0.61469 0.63162 0.64814 0.66429 0.68012 0.69564 0.7109 0.72591 0.74071 0.75531 0.76972 0.78397 0.79808 0.81205 0.8259 0.83964 0.85328 0.86684 0.88033 0.89375 0.90711 0.92042 0.9337 0.94695 0.96018 0.97339
0.075 0.2092 0.2931 0.33687 0.37213 0.40267 0.43009 0.45525 0.47869 0.50074 0.52168 0.54167 0.56087 0.57938 0.5973 0.61469 0.63162 0.64814 0.66429 0.68012 0.69564 0.7109 0.72591 0.74071 0.75531 0.76972 0.78397 0.79808 0.81205 0.8259 0.83964 0.85328 0.86684 0.88033 0.89375 0.90711 0.92042 0.9337 0.94695 0.96018 0.97339
0.075 0.2092 0.2931 0.33687 0.37213 0.40267 0.43009 0.45525 0.47869 0.50074 0.52168 0.54167 0.56087 0.57938 0.5973 0.61469 0.63162 0.64814 0.66429 0.68012 0.69564 0.7109 0.72591 0.74071 0.75531 0.76972 0.78397 0.79808 0.81205 0.8259 0.83964 0.85328 0.86684 0.88033 0.89375 0.90711 0.92042 0.9337 0.94695 0.96018 0.97339
0.075 0.2092 0.2931 0.33687 0.37213 0.40267 0.43009 0.45525 0.47869 0.50074 0.52168 0.54167 0.56087 0.57938 0.5973 0.61469 0.63162 0.64814 0.66429 0.68012 0.69564 0.7109 0.72591 0.74071 0.75531 0.76972 0.78397 0.79808 0.81205 0.8259 0.83964 0.85328 0.86684 0.88033 0.89375 0.90711 0.92042 0.9337 0.94695 0.96018 0.97339
0.075 0.2092 0.2931 0.33687 0.37213 0.40267 0.43009 0.45525 0.47869 0.50074 0.52168 0.54167 0.56087 0.57938 0.5973 0.61469 0.63162 0.64814 0.66429 0.68012 0.69564 0.7109 0.72591 0.74071 0.75531 0.76972 0.78397 0.79808 0.81205 0.8259 0.83964 0.85328 0.86684 0.88033 0.89375 0.90711 0.92042 0.9337 0.94695 0.96018 0.97339
0.075 0.2092 0.2931 0.33687 0.37213 0.40267 0.43009 0.45525 0.47869 0.50074 0.52168 0.54167 0.56087 0.57938 0.5973 0.61469 0.63162 0.64814 0.66429 0.68012 0.69564 0.7109 0.72591 0.74071 0.75531 0.76972 0.78397 0.79808 0.81205 0.8259 0.83964 0.85328 0.86684 0.88033 0.89375 0.90711 0.92042 0.9337 0.94695 0.96018 0.97339
0.075 0.2092 0.2931 0.33687 0.37213 0.40267 0.43009 0.45525 0.47869 0.50074 0.52168 0.54167 0.56087 0.57938 0.5973 0.61469 0.63162 0.64814 0.66429 0.68012 0.69564 0.7109 0.72591 0.74071 0.75531 0.76972 0.78397 0.79808 0.81205 0.8259 0.83964 0.85328 0.86684 0.88033 0.89375 0.90711 0.92042 0.9337 0.94695 0.96018 0.97339
0.075 0.2092 0.2931 0.33687 0.37213 0.40267 0.43009 0.45525 0.47869 0.50074 0.52168 0.54167 0.56087 0.57938 0.5973 0.61469 0.63162 0.64814 0.66429 0.68012 0.69564 0.7109 0.72591 0.74071 0.75531 0.76972 0.78397 0.79808 0.81205 0.8259 0.83964 0.85328 0.86684 0.88033 0.89375 0.90711 0.92042 0.9337 0.94695 0.96018 0.97339
0.075 0.2092 0.2931 0.33687 0.37213 0.40267 0.43009 0.45525 0.47869 0.50074 0.52168 0.54167 0.56087 0.57938 0.5973 0.61469 0.63162 0.64814 0.66429 0.68012 0.69564 0.7109 0.72591 0.74071 0.75531 0.76972 0.78397 0.79808 0.81205 0.8259 0.83964 0.85328 0.86684 0.88033 0.89375 0.90711 0.92042 0.9337 0.94695 0.96018 0.97339
0.075 0.2092 0.2931 0.33687 0.37213 0.40267 0.43009 0.45525 0.47869 0.50074 0.52168 0.54167 0.56087 0.57938 0.5973 0.61469 0.63162 0.64814 0.66429 0.68012 0.69564 0.7109 0.72591 0.74071 0.75531 0.76972 0.78397 0.79808 0.81205 0.8259 0.83964 0.85328 0.86684 0.88033 0.89375 0.90711 0.92042 0.9337 0.94695 0.96018 0.97339
0.075 0.2092 0.2931 0.33687 0.37213 0.40267 0.43009 0.45525 0.47869 0.50074 0.52168 0.54167 0.56087 0.57938 0.5973 0.61469 0.63162 0.64814 0.66429 0.68012 0.69564 0.7109 0.72591 0.74071 0.75531 0.76972 0.78397 0.79808 0.81205 0.8259 0.83964 0.85328 0.86684 0.88033 0.89375 0.90711 0.92042 0.9337 0.94695 0.96018 0.97339
0.075 0.2092 0.2931 0.33687 0.37213 0.40267 0.43009 0.45525 0.47869 0.50074 0.52168 0.54167 0.56087 0.57938 0.5973 0.61469 0.63162 0.64814 0.66429 0.68012 0.69564 0.7109 0.72591 0.74071 0.75531 0.76972 0.78397 0.79808 0.81205 0.8259 0.83964 0.85328 0.86684 0.88033 0.89375 0.90711 0.92042 0.9337 0.94695 0.96018 0.97339
0.075 0.2092 0.2931 0.33687 0.37213 0.40267 0.43009 0.45525 0.47869 0.50074 0.52168 0.54167 0.56087 0.57938 0.5973 0.61469 0.63162 0.64814 0.66429 0.68012 0.69564 0.7109 0.72591 0.74071 0.75531 0.76972 0.78397 0.79808 0.81205 0.8259 0.83964 0.85328 0.86684 0.88033 0.89375 0.90711 0.92042 0.9337 0.94695 0.96018 0.97339
0.075 0.2092 0.2931 0.33687 0.37213 0.40267 0.43009 0.45525 0.47869 0.50074 0.52168 0.54167 0.56087 0.57938 0.5973 0.61469 0.63162 0.64814 0.66429 0.68012 0.69564 0.7109 0.72591 0.74071 0.75531 0.76972 0.78397 0.79808 0.81205 0.8259 0.83964 0.85328 0.86684 0.88033 0.89375 0.90711 0.92042 0.9337 0.94695 0.96018 0.97339
0.075 0.2092 0.2931 0.33687 0.37213 0.40267 0.43009 0.45525 0.47869 0.50074 0.52168 0.54167 0.56087 0.57938 0.5973 0.61469 0.63162 0.64814 0.66429 0.68012 0.69564 0.7109 0.72591 0.74071 0.75531 0.76972 0.78397 0.79808 0.81205 0.8259 0.83964 0.85328 0.86684 0.88033 0.89375 0.90711 0.92042 0.9337 0.94695 0.96018 0.97339
0.075 0.2092 0.2931 0.33687 0.37213 0.40267 0.43009 0.45525 0.47869 0.50074 0.52168 0.54167 0.56087 0.57938 0.5973 0.61469 0.63162 0.64814 0.66429 0.68012 0.69564 0.7109 0.72591 0.74071 0.75531 0.76972 0.78397 0.79808 0.81205 0.8259 0.83964 0.85328 0.86684 0.88033 0.89375 0.90711 0.92042 0.9337 0.94695 0.96018 0.97339
0.075 0.2092 0.2931 0.33687 0.37213 0.40267 0.43009 0.45525 0.47869 0.50074 0.52168 0.54167 0.56087 0.57938 0.5973 0.61469 0.63162 0.64814 0.66429 0.68012 0.69564 0.7109 0.72591 0.74071 0.75531 0.76972 0.78397 0.79808 0.81205 0.8259 0.83964 0.85328 0.86684 0.88033 0.89375 0.90711 0.92042 0.9337 0.94695 0.96018 0.97339
0.075 0.2092 0.2931 0.33687 0.37213 0.40267 0.43009 0.45525 0.47869 0.50074 0.52168 0.54167 0.56087 0.57938 0.5973 0.61469 0.63162 0.64814 0.66429 0.68012 0.69564 0.7109 0.72591 0.74071 0.75531 0.76972 0.78397 0.79808 0.81205 0.8259 0.83964 0.85328 0.86684 0.88033 0.89375 0.90711 0.92042 0.9337 0.94695 0.96018 0.97339
0.075 0.2092 0.2931 0.33687 0.37213 0.40267 0.43009 0.45525 0.47869 0.50074 0.52168 0.54167 0.56087 0.57938 0.5973 0.61469 0.63162 0.64814 0.66429 0.68012 0.69564 0.7109 0.72591 0.74071 0.75531 0.76972 0.78397 0.79808 0.81205 0.8259 0.83964 0.85328 0.86684 0.88033 0.89375 0.90711 0.92042 0.9337 0.94695 0.96018 0.97339
0.075 0.2092 0.2931 0.33687 0.37213 0.40267 0.43009 0.45525 0.47869 0.50074 0.52168 0.54167 0.56087 0.57938 0.5973 0.61469 0.63162 0.64814 0.66429 0.68012 0.69564 0.7109 0.72591 0.74071 0.75531 0.76972 0.78397 0.79808 0.81205 0.8259 0.83964 0.85328 0.86684 0.88033 0.89375 0.90711 0.92042 0.9337 0.94695 0.96018 0.97339
0.075 0.2092 0.2931 0.33687 0.37213 0.40267 0.43009 0.45525 0.47869 0.50074 0.52168 0.54167 0.56087 0.57938 0.5973 0.61469 0.63162 0.64814 0.66429 0.68012 0.69564 0.7109 0.72591 0.74071 0.75531 0.76972 0.78397 0.79808 0.81205 0.8259 0.83964 0.85328 0.86684 0.88033 0.89375 0.90711 0.92042 0.9337 0.94695 0.96018 0.97339
0.075 0.2092 0.2931 0.33687 0.37213 0.40267 0.43009 0.45525 0.47869 0.50074 0.52168 0.54167 0.56087 0.57938 0.5973 0.61469 0.63162 0.64814 0.66429 0.68012 0.69564 0.7109 0.72591 0.74071 0.75531 0.76972 0.78397 0.79808 0.81205 0.8259 0.83964 0.85328 0.86684 0.88033 0.89375 0.90711 0.92042 0.9337 0.94695 0.96018 0.97339
0.075 0.2092 0.2931 0.33687 0.37213 0.40267 0.43009 0.45525 0.47869 0.50074 0.52168 0.54167 0.56087 0.57938 0.5973 0.61469 0.63162 0.64814 0.66429 0.68012 0.69564 0.7109 0.72591 0.74071 0.75531 0.76972 0.78397 0.79808 0.81205 0.8259 0.83964 0.85328 0.86684 0.88033 0.89375 0.90711 0.92042 0.9337 0.94695 0.96018 0.97339
0.075 0.2092 0.2931 0.33687 0.37213 0.40267 0.43009 0.45525 0.47869 0.50074 0.52168 0.54167 0.56087 0.57938 0.5973 0.61469 0.63162 0.64814 0.66429 0.68012 0.69564 0.7109 0.72591 0.74071 0.75531 0.76972 0.78397 0.79808 0.81205 0.8259 0.83964 0.85328 0.86684 0.88033 0.89375 0.90711 0.92042 0.9337 0.94695 0.96018 0.97339
0.075 0.2092 0.2931 0.33687 0.37213 0.40267 0.43009 0.45525 0.47869 0.50074 0.52168 0.54167 0.56087 0.57938 0.5973 0.61469 0.63162 0.64814 0.66429 0.68012 0.69564 0.7109 0.72591 0.74071 0.75531 0.76972 0.78397 0.79808 0.81205 0.8259 0.83964 0.85328 0.86684 0.88033 0.89375 0.90711 0.92042 0.9337 0.94695 0.96018 0.97339
0.075 0.2092 0.2931 0.33687 0.37213 0.40267 0.43009 0.45525 0.47869 0.50074 0.52168 0.54167 0.56087 0.57938 0.5973 0.61469 0.63162 0.64814 0.66429 0.68012 0.69564 0.7109 0.72591 0.74071 0.75531 0.76972 0.78397 0.79808 0.81205 0.8259 0.83964 0.85328 0.86684 0.88033 0.89375 0.90711 0.92042 0.9337 0.94695 0.96018 0.97339
0.075 0.2092 0.2931 0.33687 0.37213 0.40267 0.43009 0.45525 0.47869 0.50074 0.52168 0.54167 0.56087 0.57938 0.5973 0.61469 0.63162 0.64814 0.66429 0.68012 0.69564 0.7109 0.72591 0.74071 0.75531 0.76972 0.78397 0.79808 0.81205 0.8259 0.83964 0.85328 0.86684 0.88033 0.89375 0.90711 0.92042 0.9337 0.94695 0.96018 0.97339
0.075 0.2092 0.2931 0.33687 0.37213 0.40267 0.43009 0.45525 0.47869 0.50074 0.52168 0.54167 0.56087 0.57938 0.5973 0.61469 0.63162 0.64814 0.66429 0.68012 0.69564 0.7109 0.72591 0.74071 0.75531 0.76972 0.78397 0.79808 0.81205 0.8259 0.83964 0.85328 0.86684 0.88033 0.89375 0.90711 0.92042 0.9337 0.94695 0.96018 0.97339
0.075 0.2092 0.2931 0.33687 0.37213 0.40267 0.43009 0.45525 0.47869 0.50074 0.52168 0.54167 0.56087 0.57938 0.5973 0.61469 0.63162 0.64814 0.66429 0.68012 0.69564 0.7109 0.72591 0.74071 0.75531 0.76972 0.78397 0.79808 0.81205 0.8259 0.83964 0.85328 0.86684 0.88033 0.89375 0.90711 0.92042 0.9337 0.94695 0.96018 0.97339
0.075 0.2092 0.2931 0.33687 0.37213 0.40267 0.43009 0.45525 0.47869 0.50074 0.52168 0.54167 0.56087 0.57938 0.5973 0.61469 0.63162 0.64814 0.66429 0.68012 0.69564 0.7109 0.72591 0.74071 0.75531 0.76972 0.78397 0.79808 0.81205 0.8259 0.83964 0.85328 0.86684 0.88033 0.89375 0.90711 0.92042 0.9337 0.94695 0.96018 0.97339
0.075 0.2092 0.2931 0.33687 0.37213 0.40267 0.43009 0.45525 0.47869 0.50074 0.52168 0.54167 0.56087 0.57938 0.5973 0.61469 0.63162 0.64814 0.66429 0.68012 0.69564 0.7109 0.72591 0.74071 0.75531 0.76972 0.78397 0.79808 0.81205 0.8259 0.83964 0.85328 0.86684 0.88033 0.89375 0.90711 0.92042 0.9337 0.94695 0.96018 0.97339
0.075 0.2092 0.2931 0.33687 0.37213 0.40267 0.43009 0.45525 0.47869 0.50074 0.52168 0.54167 0.56087 0.57938 0.5973 0.61469 0.63162 0.64814 0.66429 0.68012 0.69564 0.7109 0.72591 0.74071 0.75531 0.76972 0.78397 0.79808 0.81205 0.8259 0.83964 0.85328 0.86684 0.88033 0.89375 0.90711 0.92042 0.9337 0.94695 0.96018 0.97339
0.075 0.2092 0.2931 0.33687 0.37213 0.40267 0.43009 0.45525 0.47869 0.50074 0.52168 0.54167 0.56087 0.57938 0.5973 0.61469 0.63162 0.64814 0.66429 0.68012 0.69564 0.7109 0.72591 0.74071 0.75531 0.76972 0.78397 0.79808 0.81205 0.8259 0.83964 0.85328 0.86684 0.88033 0.89375 0.90711 0.92042 0.9337 0.94695 0.96018 0.97339
