72	41
-0.028798 -0.080327 -0.11254 -0.12935 -0.14289 -0.15462 -0.16514 -0.17481 -0.1838 -0.19227 -0.20031 -0.20799 -0.21536 -0.22247 -0.22935 -0.23602 -0.24253 -0.24887 -0.25507 -0.26115 -0.26711 -0.27297 -0.27873 -0.28441 -0.29002 -0.29555 -0.30102 -0.30644 -0.3118 -0.31712 -0.3224 -0.32764 -0.33284 -0.33802 -0.34317 -0.3483 -0.35342 -0.35852 -0.3636 -0.36868 -0.37376
-0.028798 -0.080327 -0.11254 -0.12935 -0.14289 -0.15462 -0.16514 -0.17481 -0.1838 -0.19227 -0.20031 -0.20799 -0.21536 -0.22247 -0.22935 -0.23602 -0.24253 -0.24887 -0.25507 -0.26115 -0.26711 -0.27297 -0.27873 -0.28441 -0.29002 -0.29555 -0.30102 -0.30644 -0.3118 -0.31712 -0.3224 -0.32764 -0.33284 -0.33802 -0.34317 -0.3483 -0.35342 -0.35852 -0.3636 -0.36868 -0.37376
-0.028798 -0.080327 -0.11254 -0.12935 -0.14289 -0.15462 -0.16514 -0.17481 -0.1838 -0.19227 -0.20031 -0.20799 -0.21536 -0.22247 -0.22935 -0.23602 -0.24253 -0.24887 -0.25507 -0.26115 -0.26711 -0.27297 -0.27873 -0.28441 -0.29002 -0.29555 -0.30102 -0.30644 -0.3118 -0.31712 -0.3224 -0.32764 -0.33284 -0.33802 -0.34317 -0.3483 -0.35342 -0.35852 -0.3636 -0.36868 -0.37376
-0.028798 -0.080327 -0.11254 -0.12935 -0.14289 -0.15462 -0.16514 -0.17481 -0.1838 -0.19227 -0.20031 -0.20799 -0.21536 -0.22247 -0.22935 -0.23602 -0.24253 -0.24887 -0.25507 -0.26115 -0.26711 -0.27297 -0.27873 -0.28441 -0.29002 -0.29555 -0.30102 -0.30644 -0.3118 -0.31712 -0.3224 -0.32764 -0.33284 -0.33802 -0.34317 -0.3483 -0.35342 -0.35852 -0.3636 -0.36868 -0.37376
-0.028798 -0.080327 -0.11254 -0.12935 -0.14289 -0.15462 -0.16514 -0.17481 -0.1838 -0.19227 -0.20031 -0.20799 -0.21536 -0.22247 -0.22935 -0.23602 -0.24253 -0.24887 -0.25507 -0.26115 -0.26711 -0.27297 -0.27873 -0.28441 -0.29002 -0.29555 -0.30102 -0.30644 -0.3118 -0.31712 -0.3224 -0.32764 -0.33284 -0.33802 -0.34317 -0.3483 -0.35342 -0.35852 -0.3636 -0.36868 -0.37376
-0.028798 -0.080327 -0.11254 -0.12935 -0.14289 -0.15462 -0.16514 -0.17481 -0.1838 -0.19227 -0.20031 -0.20799 -0.21536 -0.22247 -0.22935 -0.23602 -0.24253 -0.24887 -0.25507 -0.26115 -0.26711 -0.27297 -0.27873 -0.28441 -0.29002 -0.29555 -0.30102 -0.30644 -0.3118 -0.31712 -0.3224 -0.32764 -0.33284 -0.33802 -0.34317 -0.3483 -0.35342 -0.35852 -0.3636 -0.36868 -0.37376
-0.028798 -0.080327 -0.11254 -0.12935 -0.14289 -0.15462 -0.16514 -0.17481 -0.1838 -0.19227 -0.20031 -0.20799 -0.21536 -0.22247 -0.22935 -0.23602 -0.24253 -0.24887 -0.25507 -0.26115 -0.26711 -0.27297 -0.27873 -0.28441 -0.29002 -0.29555 -0.30102 -0.30644 -0.3118 -0.31712 -0.3224 -0.32764 -0.33284 -0.33802 -0.34317 -0.3483 -0.35342 -0.35852 -0.3636 -0.36868 -0.37376
-0.028798 -0.080327 -0.11254 -0.12935 -0.14289 -0.15462 -0.16514 -0.17481 -0.1838 -0.19227 -0.20031 -0.20799 -0.21536 -0.22247 -0.22935 -0.23602 -0.24253 -0.24887 -0.25507 -0.26115 -0.26711 -0.27297 -0.27873 -0.28441 -0.29002 -0.29555 -0.30102 -0.30644 -0.3118 -0.31712 -0.3224 -0.32764 -0.33284 -0.33802 -0.34317 -0.3483 -0.35342 -0.35852 -0.3636 -0.36868 -0.37376
-0.028798 -0.080327 -0.11254 -0.12935 -0.14289 -0.15462 -0.16514 -0.17481 -0.1838 -0.19227 -0.20031 -0.20799 -0.21536 -0.22247 -0.22935 -0.23602 -0.24253 -0.24887 -0.25507 -0.26115 -0.26711 -0.27297 -0.27873 -0.28441 -0.29002 -0.29555 -0.30102 -0.30644 -0.3118 -0.31712 -0.3224 -0.32764 -0.33284 -0.33802 -0.34317 -0.3483 -0.35342 -0.35852 -0.3636 -0.36868 -0.37376
-0.028798 -0.080327 -0.11254 -0.12935 -0.14289 -0.15462 -0.16514 -0.17481 -0.1838 -0.19227 -0.20031 -0.20799 -0.21536 -0.22247 -0.22935 -0.23602 -0.24253 -0.24887 -0.25507 -0.26115 -0.26711 -0.27297 -0.27873 -0.28441 -0.29002 -0.29555 -0.30102 -0.30644 -0.3118 -0.31712 -0.3224 -0.32764 -0.33284 -0.33802 -0.34317 -0.3483 -0.35342 -0.35852 -0.3636 -0.36868 -0.37376
-0.028798 -0.080327 -0.11254 -0.12935 -0.14289 -0.15462 -0.16514 -0.17481 -0.1838 -0.19227 -0.20031 -0.20799 -0.21536 -0.22247 -0.22935 -0.23602 -0.24253 -0.24887 -0.25507 -0.26115 -0.26711 -0.27297 -0.27873 -0.28441 -0.29002 -0.29555 -0.30102 -0.30644 -0.3118 -0.31712 -0.3224 -0.32764 -0.33284 -0.33802 -0.34317 -0.3483 -0.35342 -0.35852 -0.3636 -0.36868 -0.37376
-0.028798 -0.080327 -0.11254 -0.12935 -0.14289 -0.15462 -0.16514 -0.17481 -0.1838 -0.19227 -0.20031 -0.20799 -0.21536 -0.22247 -0.22935 -0.23602 -0.24253 -0.24887 -0.25507 -0.26115 -0.26711 -0.27297 -0.27873 -0.28441 -0.29002 -0.29555 -0.30102 -0.30644 -0.3118 -0.31712 -0.3224 -0.32764 -0.33284 -0.33802 -0.34317 -0.3483 -0.35342 -0.35852 -0.3636 -0.36868 -0.37376
-0.028798 -0.080327 -0.11254 -0.12935 -0.14289 -0.15462 -0.16514 -0.17481 -0.1838 -0.19227 -0.20031 -0.20799 -0.21536 -0.22247 -0.22935 -0.23602 -0.24253 -0.24887 -0.25507 -0.26115 -0.26711 -0.27297 -0.27873 -0.28441 -0.29002 -0.29555 -0.30102 -0.30644 -0.3118 -0.31712 -0.3224 -0.32764 -0.33284 -0.33802 -0.34317 -0.3483 -0.35342 -0.35852 -0.3636 -0.36868 -0.37376
-0.028798 -0.080327 -0.11254 -0.12935 -0.14289 -0.15462 -0.16514 -0.17481 -0.1838 -0.19227 -0.20031 -0.20799 -0.21536 -0.22247 -0.22935 -0.23602 -0.24253 -0.24887 -0.25507 -0.26115 -0.26711 -0.27297 -0.27873 -0.28441 -0.29002 -0.29555 -0.30102 -0.30644 -0.3118 -0.31712 -0.3224 -0.32764 -0.33284 -0.33802 -0.34317 -0.3483 -0.35342 -0.35852 -0.3636 -0.36868 -0.37376
-0.028798 -0.080327 -0.11254 -0.12935 -0.14289 -0.15462 -0.16514 -0.17481 -0.1838 -0.19227 -0.20031 -0.20799 -0.21536 -0.22247 -0.22935 -0.23602 -0.24253 -0.24887 -0.25507 -0.26115 -0.26711 -0.27297 -0.27873 -0.28441 -0.29002 -0.29555 -0.30102 -0.30644 -0.3118 -0.31712 -0.3224 -0.32764 -0.33284 -0.33802 -0.34317 -0.3483 -0.35342 -0.35852 -0.3636 -0.36868 -0.37376
-0.028798 -0.080327 -0.11254 -0.12935 -0.14289 -0.15462 -0.16514 -0.17481 -0.1838 -0.19227 -0.20031 -0.20799 -0.21536 -0.22247 -0.22935 -0.23602 -0.24253 -0.24887 -0.25507 -0.26115 -0.26711 -0.27297 -0.27873 -0.28441 -0.29002 -0.29555 -0.30102 -0.30644 -0.3118 -0.31712 -0.3224 -0.32764 -0.33284 -0.33802 -0.34317 -0.3483 -0.35342 -0.35852 -0.3636 -0.36868 -0.37376
-0.028798 -0.080327 -0.11254 -0.12935 -0.14289 -0.15462 -0.16514 -0.17481 -0.1838 -0.19227 -0.20031 -0.20799 -0.21536 -0.22247 -0.22935 -0.23602 -0.24253 -0.24887 -0.25507 -0.26115 -0.26711 -0.27297 -0.27873 -0.28441 -0.29002 -0.29555 -0.30102 -0.30644 -0.3118 -0.31712 -0.3224 -0.32764 -0.33284 -0.33802 -0.34317 -0.3483 -0.35342 -0.35852 -0.3636 -0.36868 -0.37376
-0.028798 -0.080327 -0.11254 -0.12935 -0.14289 -0.15462 -0.16514 -0.17481 -0.1838 -0.19227 -0.20031 -0.20799 -0.21536 -0.22247 -0.22935 -0.23602 -0.24253 -0.24887 -0.25507 -0.26115 -0.26711 -0.27297 -0.27873 -0.28441 -0.29002 -0.29555 -0.30102 -0.30644 -0.3118 -0.31712 -0.3224 -0.32764 -0.33284 -0.33802 -0.34317 -0.3483 -0.35342 -0.35852 -0.3636 -0.36868 -0.37376
-0.028798 -0.080327 -0.11254 -0.12935 -0.14289 -0.15462 -0.16514 -0.17481 -0.1838 -0.19227 -0.20031 -0.20799 -0.21536 -0.22247 -0.22935 -0.23602 -0.24253 -0.24887 -0.25507 -0.26115 -0.26711 -0.27297 -0.27873 -0.28441 -0.29002 -0.29555 -0.30102 -0.30644 -0.3118 -0.31712 -0.3224 -0.32764 -0.33284 -0.33802 -0.34317 -0.3483 -0.35342 -0.35852 -0.3636 -0.36868 -0.37376
-0.028798 -0.080327 -0.11254 -0.12935 -0.14289 -0.15462 -0.16514 -0.17481 -0.1838 -0.19227 -0.20031 -0.20799 -0.21536 -0.22247 -0.22935 -0.23602 -0.24253 -0.24887 -0.25507 -0.26115 -0.26711 -0.27297 -0.27873 -0.28441 -0.29002 -0.29555 -0.30102 -0.30644 -0.3118 -0.31712 -0.3224 -0.32764 -0.33284 -0.33802 -0.34317 -0.3483 -0.35342 -0.35852 -0.3636 -0.36868 -0.37376
-0.028798 -0.080327 -0.11254 -0.12935 -0.14289 -0.15462 -0.16514 -0.17481 -0.1838 -0.19227 -0.20031 -0.20799 -0.21536 -0.22247 -0.22935 -0.23602 -0.24253 -0.24887 -0.25507 -0.26115 -0.26711 -0.27297 -0.27873 -0.28441 -0.29002 -0.29555 -0.30102 -0.30644 -0.3118 -0.31712 -0.3224 -0.32764 -0.33284 -0.33802 -0.34317 -0.3483 -0.35342 -0.35852 -0.3636 -0.36868 -0.37376
-0.028798 -0.080327 -0.11254 -0.12935 -0.14289 -0.15462 -0.16514 -0.17481 -0.1838 -0.19227 -0.20031 -0.20799 -0.21536 -0.22247 -0.22935 -0.23602 -0.24253 -0.24887 -0.25507 -0.26115 -0.26711 -0.27297 -0.27873 -0.28441 -0.29002 -0.29555 -0.30102 -0.30644 -0.3118 -0.31712 -0.3224 -0.32764 -0.33284 -0.33802 -0.34317 -0.3483 -0.35342 -0.35852 -0.3636 -0.36868 -0.37376
-0.028798 -0.080327 -0.11254 -0.12935 -0.14289 -0.15462 -0.16514 -0.17481 -0.1838 -0.19227 -0.20031 -0.20799 -0.21536 -0.22247 -0.22935 -0.23602 -0.24253 -0.24887 -0.25507 -0.26115 -0.26711 -0.27297 -0.27873 -0.28441 -0.29002 -0.29555 -0.30102 -0.30644 -0.3118 -0.31712 -0.3224 -0.32764 -0.33284 -0.33802 -0.34317 -0.3483 -0.35342 -0.35852 -0.3636 -0.36868 -0.37376
-0.028798 -0.080327 -0.11254 -0.12935 -0.14289 -0.15462 -0.16514 -0.17481 -0.1838 -0.19227 -0.20031 -0.20799 -0.21536 -0.22247 -0.22935 -0.23602 -0.24253 -0.24887 -0.25507 -0.26115 -0.26711 -0.27297 -0.27873 -0.28441 -0.29002 -0.29555 -0.30102 -0.30644 -0.3118 -0.31712 -0.3224 -0.32764 -0.33284 -0.33802 -0.34317 -0.3483 -0.35342 -0.35852 -0.3636 -0.36868 -0.37376
-0.028798 -0.080327 -0.11254 -0.12935 -0.14289 -0.15462 -0.16514 -0.17481 -0.1838 -0.19227 -0.20031 -0.20799 -0.21536 -0.22247 -0.22935 -0.23602 -0.24253 -0.24887 -0.25507 -0.26115 -0.26711 -0.27297 -0.27873 -0.28441 -0.29002 -0.29555 -0.30102 -0.30644 -0.3118 -0.31712 -0.3224 -0.32764 -0.33284 -0.33802 -0.34317 -0.3483 -0.35342 -0.35852 -0.3636 -0.36868 -0.37376
-0.028798 -0.080327 -0.11254 -0.12935 -0.14289 -0.15462 -0.16514 -0.17481 -0.1838 -0.19227 -0.20031 -0.20799 -0.21536 -0.22247 -0.22935 -0.23602 -0.24253 -0.24887 -0.25507 -0.26115 -0.26711 -0.27297 -0.27873 -0.28441 -0.29002 -0.29555 -0.30102 -0.30644 -0.3118 -0.31712 -0.3224 -0.32764 -0.33284 -0.33802 -0.34317 -0.3483 -0.35342 -0.35852 -0.3636 -0.36868 -0.37376
-0.028798 -0.080327 -0.11254 -0.12935 -0.14289 -0.15462 -0.16514 -0.17481 -0.1838 -0.19227 -0.20031 -0.20799 -0.21536 -0.22247 -0.22935 -0.23602 -0.24253 -0.24887 -0.25507 -0.26115 -0.26711 -0.27297 -0.27873 -0.28441 -0.29002 -0.29555 -0.30102 -0.30644 -0.3118 -0.31712 -0.3224 -0.32764 -0.33284 -0.33802 -0.34317 -0.3483 -0.35342 -0.35852 -0.3636 -0.36868 -0.37376
-0.028798 -0.080327 -0.11254 -0.12935 -0.14289 -0.15462 -0.16514 -0.17481 -0.1838 -0.19227 -0.20031 -0.20799 -0.21536 -0.22247 -0.22935 -0.23602 -0.24253 -0.24887 -0.25507 -0.26115 -0.26711 -0.27297 -0.27873 -0.28441 -0.29002 -0.29555 -0.30102 -0.30644 -0.3118 -0.31712 -0.3224 -0.32764 -0.33284 -0.33802 -0.34317 -0.3483 -0.35342 -0.35852 -0.3636 -0.36868 -0.37376
-0.028798 -0.080327 -0.11254 -0.12935 -0.14289 -0.15462 -0.16514 -0.17481 -0.1838 -0.19227 -0.20031 -0.20799 -0.21536 -0.22247 -0.22935 -0.23602 -0.24253 -0.24887 -0.25507 -0.26115 -0.26711 -0.27297 -0.27873 -0.28441 -0.29002 -0.29555 -0.30102 -0.30644 -0.3118 -0.31712 -0.3224 -0.32764 -0.33284 -0.33802 -0.34317 -0.3483 -0.35342 -0.35852 -0.3636 -0.36868 -0.37376
-0.028798 -0.080327 -0.11254 -0.12935 -0.14289 -0.15462 -0.16514 -0.17481 -0.1838 -0.19227 -0.20031 -0.20799 -0.21536 -0.22247 -0.22935 -0.23602 -0.24253 -0.24887 -0.25507 -0.26115 -0.26711 -0.27297 -0.27873 -0.28441 -0.29002 -0.29555 -0.30102 -0.30644 -0.3118 -0.31712 -0.3224 -0.32764 -0.33284 -0.33802 -0.34317 -0.3483 -0.35342 -0.35852 -0.3636 -0.36868 -0.37376
-0.028798 -0.080327 -0.11254 -0.12935 -0.14289 -0.15462 -0.16514 -0.17481 -0.1838 -0.19227 -0.20031 -0.20799 -0.21536 -0.22247 -0.22935 -0.23602 -0.24253 -0.24887 -0.25507 -0.26115 -0.26711 -0.27297 -0.27873 -0.28441 -0.29002 -0.29555 -0.30102 -0.30644 -0.3118 -0.31712 -0.3224 -0.32764 -0.33284 -0.33802 -0.34317 -0.3483 -0.35342 -0.35852 -0.3636 -0.36868 -0.37376
-0.028798 -0.080327 -0.11254 -0.12935 -0.14289 -0.15462 -0.16514 -0.17481 -0.1838 -0.19227 -0.20031 -0.20799 -0.21536 -0.22247 -0.22935 -0.23602 -0.24253 -0.24887 -0.25507 -0.26115 -0.26711 -0.27297 -0.27873 -0.28441 -0.29002 -0.29555 -0.30102 -0.30644 -0.3118 -0.31712 -0.3224 -0.32764 -0.33284 -0.33802 -0.34317 -0.3483 -0.35342 -0.35852 -0.3636 -0.36868 -0.37376
-0.028798 -0.080327 -0.11254 -0.12935 -0.14289 -0.15462 -0.16514 -0.17481 -0.1838 -0.19227 -0.20031 -0.20799 -0.21536 -0.22247 -0.22935 -0.23602 -0.24253 -0.24887 -0.25507 -0.26115 -0.26711 -0.27297 -0.27873 -0.28441 -0.29002 -0.29555 -0.30102 -0.30644 -0.3118 -0.31712 -0.3224 -0.32764 -0.33284 -0.33802 -0.34317 -0.3483 -0.35342 -0.35852 -0.3636 -0.36868 -0.37376
-0.028798 -0.080327 -0.11254 -0.12935 -0.14289 -0.15462 -0.16514 -0.17481 -0.1838 -0.19227 -0.20031 -0.20799 -0.21536 -0.22247 -0.22935 -0.23602 -0.24253 -0.24887 -0.25507 -0.26115 -0.26711 -0.27297 -0.27873 -0.28441 -0.29002 -0.29555 -0.30102 -0.30644 -0.3118 -0.31712 -0.3224 -0.32764 -0.33284 -0.33802 -0.34317 -0.3483 -0.35342 -0.35852 -0.3636 -0.36868 -0.37376
-0.028798 -0.080327 -0.11254 -0.12935 -0.14289 -0.15462 -0.16514 -0.17481 -0.1838 -0.19227 -0.20031 -0.20799 -0.21536 -0.22247 -0.22935 -0.23602 -0.24253 -0.24887 -0.25507 -0.26115 -0.26711 -0.27297 -0.27873 -0.28441 -0.29002 -0.29555 -0.30102 -0.30644 -0.3118 -0.31712 -0.3224 -0.32764 -0.33284 -0.33802 -0.34317 -0.3483 -0.35342 -0.35852 -0.3636 -0.36868 -0.37376
-0.028798 -0.080327 -0.11254 -0.12935 -0.14289 -0.15462 -0.16514 -0.17481 -0.1838 -0.19227 -0.20031 -0.20799 -0.21536 -0.22247 -0.22935 -0.23602 -0.24253 -0.24887 -0.25507 -0.26115 -0.26711 -0.27297 -0.27873 -0.28441 -0.29002 -0.29555 -0.30102 -0.30644 -0.3118 -0.31712 -0.3224 -0.32764 -0.33284 -0.33802 -0.34317 -0.3483 -0.35342 -0.35852 -0.3636 -0.36868 -0.37376
-0.028798 -0.080327 -0.11254 -0.12935 -0.14289 -0.15462 -0.16514 -0.17481 -0.1838 -0.19227 -0.20031 -0.20799 -0.21536 -0.22247 -0.22935 -0.23602 -0.24253 -0.24887 -0.25507 -0.26115 -0.26711 -0.27297 -0.27873 -0.28441 -0.29002 -0.29555 -0.30102 -0.30644 -0.3118 -0.31712 -0.3224 -0.32764 -0.33284 -0.33802 -0.34317 -0.3483 -0.35342 -0.35852 -0.3636 -0.36868 -0.37376
-0.028798 -0.080327 -0.11254 -0.12935 -0.14289 -0.15462 -0.16514 -0.17481 -0.1838 -0.19227 -0.20031 -0.20799 -0.21536 -0.22247 -0.22935 -0.23602 -0.24253 -0.24887 -0.25507 -0.26115 -0.26711 -0.27297 -0.27873 -0.28441 -0.29002 -0.29555 -0.30102 -0.30644 -0.3118 -0.31712 -0.3224 -0.32764 -0.33284 -0.33802 -0.34317 -0.3483 -0.35342 -0.35852 -0.3636 -0.36868 -0.37376
-0.028798 -0.080327 -0.11254 -0.12935 -0.14289 -0.15462 -0.16514 -0.17481 -0.1838 -0.19227 -0.20031 -0.20799 -0.21536 -0.22247 -0.22935 -0.23602 -0.24253 -0.24887 -0.25507 -0.26115 -0.26711 -0.27297 -0.27873 -0.28441 -0.29002 -0.29555 -0.30102 -0.30644 -0.3118 -0.31712 -0.3224 -0.32764 -0.33284 -0.33802 -0.34317 -0.3483 -0.35342 -0.35852 -0.3636 -0.36868 -0.37376
-0.028798 -0.080327 -0.11254 -0.12935 -0.14289 -0.15462 -0.16514 -0.17481 -0.1838 -0.19227 -0.20031 -0.20799 -0.21536 -0.22247 -0.22935 -0.23602 -0.24253 -0.24887 -0.25507 -0.26115 -0.26711 -0.27297 -0.27873 -0.28441 -0.29002 -0.29555 -0.30102 -0.30644 -0.3118 -0.31712 -0.3224 -0.32764 -0.33284 -0.33802 -0.34317 -0.3483 -0.35342 -0.35852 -0.3636 -0.36868 -0.37376
-0.028798 -0.080327 -0.11254 -0.12935 -0.14289 -0.15462 -0.16514 -0.17481 -0.1838 -0.19227 -0.20031 -0.20799 -0.21536 -0.22247 -0.22935 -0.23602 -0.24253 -0.24887 -0.25507 -0.26115 -0.26711 -0.27297 -0.27873 -0.28441 -0.29002 -0.29555 -0.30102 -0.30644 -0.3118 -0.31712 -0.3224 -0.32764 -0.33284 -0.33802 -0.34317 -0.3483 -0.35342 -0.35852 -0.3636 -0.36868 -0.37376
-0.028798 -0.080327 -0.11254 -0.12935 -0.14289 -0.15462 -0.16514 -0.17481 -0.1838 -0.19227 -0.20031 -0.20799 -0.21536 -0.22247 -0.22935 -0.23602 -0.24253 -0.24887 -0.25507 -0.26115 -0.26711 -0.27297 -0.27873 -0.28441 -0.29002 -0.29555 -0.30102 -0.30644 -0.3118 -0.31712 -0.3224 -0.32764 -0.33284 -0.33802 -0.34317 -0.3483 -0.35342 -0.35852 -0.3636 -0.36868 -0.37376
-0.028798 -0.080327 -0.11254 -0.12935 -0.14289 -0.15462 -0.16514 -0.17481 -0.1838 -0.19227 -0.20031 -0.20799 -0.21536 -0.22247 -0.22935 -0.23602 -0.24253 -0.24887 -0.25507 -0.26115 -0.26711 -0.27297 -0.27873 -0.28441 -0.29002 -0.29555 -0.30102 -0.30644 -0.3118 -0.31712 -0.3224 -0.32764 -0.33284 -0.33802 -0.34317 -0.3483 -0.35342 -0.35852 -0.3636 -0.36868 -0.37376
-0.028798 -0.080327 -0.11254 -0.12935 -0.14289 -0.15462 -0.16514 -0.17481 -0.1838 -0.19227 -0.20031 -0.20799 -0.21536 -0.22247 -0.22935 -0.23602 -0.24253 -0.24887 -0.25507 -0.26115 -0.26711 -0.27297 -0.27873 -0.28441 -0.29002 -0.29555 -0.30102 -0.30644 -0.3118 -0.31712 -0.3224 -0.32764 -0.33284 -0.33802 -0.34317 -0.3483 -0.35342 -0.35852 -0.3636 -0.36868 -0.37376
-0.028798 -0.080327 -0.11254 -0.12935 -0.14289 -0.15462 -0.16514 -0.17481 -0.1838 -0.19227 -0.20031 -0.20799 -0.21536 -0.22247 -0.22935 -0.23602 -0.24253 -0.24887 -0.25507 -0.26115 -0.26711 -0.27297 -0.27873 -0.28441 -0.29002 -0.29555 -0.30102 -0.30644 -0.3118 -0.31712 -0.3224 -0.32764 -0.33284 -0.33802 -0.34317 -0.3483 -0.35342 -0.35852 -0.3636 -0.36868 -0.37376
-0.028798 -0.080327 -0.11254 -0.12935 -0.14289 -0.15462 -0.16514 -0.17481 -0.1838 -0.19227 -0.20031 -0.20799 -0.21536 -0.22247 -0.22935 -0.23602 -0.24253 -0.24887 -0.25507 -0.26115 -0.26711 -0.27297 -0.27873 -0.28441 -0.29002 -0.29555 -0.30102 -0.30644 -0.3118 -0.31712 -0.3224 -0.32764 -0.33284 -0.33802 -0.34317 -0.3483 -0.35342 -0.35852 -0.3636 -0.36868 -0.37376
-0.028798 -0.080327 -0.11254 -0.12935 -0.14289 -0.15462 -0.16514 -0.17481 -0.1838 -0.19227 -0.20031 -0.20799 -0.21536 -0.22247 -0.22935 -0.23602 -0.24253 -0.24887 -0.25507 -0.26115 -0.26711 -0.27297 -0.27873 -0.28441 -0.29002 -0.29555 -0.30102 -0.30644 -0.3118 -0.31712 -0.3224 -0.32764 -0.33284 -0.33802 -0.34317 -0.3483 -0.35342 -0.35852 -0.3636 -0.36868 -0.37376
-0.028798 -0.080327 -0.11254 -0.12935 -0.14289 -0.15462 -0.16514 -0.17481 -0.1838 -0.19227 -0.20031 -0.20799 -0.21536 -0.22247 -0.22935 -0.23602 -0.24253 -0.24887 -0.25507 -0.26115 -0.26711 -0.27297 -0.27873 -0.28441 -0.29002 -0.29555 -0.30102 -0.30644 -0.3118 -0.31712 -0.3224 -0.32764 -0.33284 -0.33802 -0.34317 -0.3483 -0.35342 -0.35852 -0.3636 -0.36868 -0.37376
-0.028798 -0.080327 -0.11254 -0.12935 -0.14289 -0.15462 -0.16514 -0.17481 -0.1838 -0.19227 -0.20031 -0.20799 -0.21536 -0.22247 -0.22935 -0.23602 -0.24253 -0.24887 -0.25507 -0.26115 -0.26711 -0.27297 -0.27873 -0.28441 -0.29002 -0.29555 -0.30102 -0.30644 -0.3118 -0.31712 -0.3224 -0.32764 -0.33284 -0.33802 -0.34317 -0.3483 -0.35342 -0.35852 -0.3636 -0.36868 -0.37376
-0.028798 -0.080327 -0.11254 -0.12935 -0.14289 -0.15462 -0.16514 -0.17481 -0.1838 -0.19227 -0.20031 -0.20799 -0.21536 -0.22247 -0.22935 -0.23602 -0.24253 -0.24887 -0.25507 -0.26115 -0.26711 -0.27297 -0.27873 -0.28441 -0.29002 -0.29555 -0.30102 -0.30644 -0.3118 -0.31712 -0.3224 -0.32764 -0.33284 -0.33802 -0.34317 -0.3483 -0.35342 -0.35852 -0.3636 -0.36868 -0.37376
-0.028798 -0.080327 -0.11254 -0.12935 -0.14289 -0.15462 -0.16514 -0.17481 -0.1838 -0.19227 -0.20031 -0.20799 -0.21536 -0.22247 -0.22935 -0.23602 -0.24253 -0.24887 -0.25507 -0.26115 -0.26711 -0.27297 -0.27873 -0.28441 -0.29002 -0.29555 -0.30102 -0.30644 -0.3118 -0.31712 -0.3224 -0.32764 -0.33284 -0.33802 -0.34317 -0.3483 -0.35342 -0.35852 -0.3636 -0.36868 -0.37376
-0.028798 -0.080327 -0.11254 -0.12935 -0.14289 -0.15462 -0.16514 -0.17481 -0.1838 -0.19227 -0.20031 -0.20799 -0.21536 -0.22247 -0.22935 -0.23602 -0.24253 -0.24887 -0.25507 -0.26115 -0.26711 -0.27297 -0.27873 -0.28441 -0.29002 -0.29555 -0.30102 -0.30644 -0.3118 -0.31712 -0.3224 -0.32764 -0.33284 -0.33802 -0.34317 -0.3483 -0.35342 -0.35852 -0.3636 -0.36868 -0.37376
-0.028798 -0.080327 -0.11254 -0.12935 -0.14289 -0.15462 -0.16514 -0.17481 -0.1838 -0.19227 -0.20031 -0.20799 -0.21536 -0.22247 -0.22935 -0.23602 -0.24253 -0.24887 -0.25507 -0.26115 -0.26711 -0.27297 -0.27873 -0.28441 -0.29002 -0.29555 -0.30102 -0.30644 -0.3118 -0.31712 -0.3224 -0.32764 -0.33284 -0.33802 -0.34317 -0.3483 -0.35342 -0.35852 -0.3636 -0.36868 -0.37376
-0.028798 -0.080327 -0.11254 -0.12935 -0.14289 -0.15462 -0.16514 -0.17481 -0.1838 -0.19227 -0.20031 -0.20799 -0.21536 -0.22247 -0.22935 -0.23602 -0.24253 -0.24887 -0.25507 -0.26115 -0.26711 -0.27297 -0.27873 -0.28441 -0.29002 -0.29555 -0.30102 -0.30644 -0.3118 -0.31712 -0.3224 -0.32764 -0.33284 -0.33802 -0.34317 -0.3483 -0.35342 -0.35852 -0.3636 -0.36868 -0.37376
-0.028798 -0.080327 -0.11254 -0.12935 -0.14289 -0.15462 -0.16514 -0.17481 -0.1838 -0.19227 -0.20031 -0.20799 -0.21536 -0.22247 -0.22935 -0.23602 -0.24253 -0.24887 -0.25507 -0.26115 -0.26711 -0.27297 -0.27873 -0.28441 -0.29002 -0.29555 -0.30102 -0.30644 -0.3118 -0.31712 -0.3224 -0.32764 -0.33284 -0.33802 -0.34317 -0.3483 -0.35342 -0.35852 -0.3636 -0.36868 -0.37376
-0.028798 -0.080327 -0.11254 -0.12935 -0.14289 -0.15462 -0.16514 -0.17481 -0.1838 -0.19227 -0.20031 -0.20799 -0.21536 -0.22247 -0.22935 -0.23602 -0.24253 -0.24887 -0.25507 -0.26115 -0.26711 -0.27297 -0.27873 -0.28441 -0.29002 -0.29555 -0.30102 -0.30644 -0.3118 -0.31712 -0.3224 -0.32764 -0.33284 -0.33802 -0.34317 -0.3483 -0.35342 -0.35852 -0.3636 -0.36868 -0.37376
-0.028798 -0.080327 -0.11254 -0.12935 -0.14289 -0.15462 -0.16514 -0.17481 -0.1838 -0.19227 -0.20031 -0.20799 -0.21536 -0.22247 -0.22935 -0.23602 -0.24253 -0.24887 -0.25507 -0.26115 -0.26711 -0.27297 -0.27873 -0.28441 -0.29002 -0.29555 -0.30102 -0.30644 -0.3118 -0.31712 -0.3224 -0.32764 -0.33284 -0.33802 -0.34317 -0.3483 -0.35342 -0.35852 -0.3636 -0.36868 -0.37376
-0.028798 -0.080327 -0.11254 -0.12935 -0.14289 -0.15462 -0.16514 -0.17481 -0.1838 -0.19227 -0.20031 -0.20799 -0.21536 -0.22247 -0.22935 -0.23602 -0.24253 -0.24887 -0.25507 -0.26115 -0.26711 -0.27297 -0.27873 -0.28441 -0.29002 -0.29555 -0.30102 -0.30644 -0.3118 -0.31712 -0.3224 -0.32764 -0.33284 -0.33802 -0.34317 -0.3483 -0.35342 -0.35852 -0.3636 -0.36868 -0.37376
-0.028798 -0.080327 -0.11254 -0.12935 -0.14289 -0.15462 -0.16514 -0.17481 -0.1838 -0.19227 -0.20031 -0.20799 -0.21536 -0.22247 -0.22935 -0.23602 -0.24253 -0.24887 -0.25507 -0.26115 -0.26711 -0.27297 -0.27873 -0.28441 -0.29002 -0.29555 -0.30102 -0.30644 -0.3118 -0.31712 -0.3224 -0.32764 -0.33284 -0.33802 -0.34317 -0.3483 -0.35342 -0.35852 -0.3636 -0.36868 -0.37376
-0.028798 -0.080327 -0.11254 -0.12935 -0.14289 -0.15462 -0.16514 -0.17481 -0.1838 -0.19227 -0.20031 -0.20799 -0.21536 -0.22247 -0.22935 -0.23602 -0.24253 -0.24887 -0.25507 -0.26115 -0.26711 -0.27297 -0.27873 -0.28441 -0.29002 -0.29555 -0.30102 -0.30644 -0.3118 -0.31712 -0.3224 -0.32764 -0.33284 -0.33802 -0.34317 -0.3483 -0.35342 -0.35852 -0.3636 -0.36868 -0.37376
-0.028798 -0.080327 -0.11254 -0.12935 -0.14289 -0.15462 -0.16514 -0.17481 -0.1838 -0.19227 -0.20031 -0.20799 -0.21536 -0.22247 -0.22935 -0.23602 -0.24253 -0.24887 -0.25507 -0.26115 -0.26711 -0.27297 -0.27873 -0.28441 -0.29002 -0.29555 -0.30102 -0.30644 -0.3118 -0.31712 -0.3224 -0.32764 -0.33284 -0.33802 -0.34317 -0.3483 -0.35342 -0.35852 -0.3636 -0.36868 -0.37376
-0.028798 -0.080327 -0.11254 -0.12935 -0.14289 -0.15462 -0.16514 -0.17481 -0.1838 -0.19227 -0.20031 -0.20799 -0.21536 -0.22247 -0.22935 -0.23602 -0.24253 -0.24887 -0.25507 -0.26115 -0.26711 -0.27297 -0.27873 -0.28441 -0.29002 -0.29555 -0.30102 -0.30644 -0.3118 -0.31712 -0.3224 -0.32764 -0.33284 -0.33802 -0.34317 -0.3483 -0.35342 -0.35852 -0.3636 -0.36868 -0.37376
-0.028798 -0.080327 -0.11254 -0.12935 -0.14289 -0.15462 -0.16514 -0.17481 -0.1838 -0.19227 -0.20031 -0.20799 -0.21536 -0.22247 -0.22935 -0.23602 -0.24253 -0.24887 -0.25507 -0.26115 -0.26711 -0.27297 -0.27873 -0.28441 -0.29002 -0.29555 -0.30102 -0.30644 -0.3118 -0.31712 -0.3224 -0.32764 -0.33284 -0.33802 -0.34317 -0.3483 -0.35342 -0.35852 -0.3636 -0.36868 -0.37376
-0.028798 -0.080327 -0.11254 -0.12935 -0.14289 -0.15462 -0.16514 -0.17481 -0.1838 -0.19227 -0.20031 -0.20799 -0.21536 -0.22247 -0.22935 -0.23602 -0.24253 -0.24887 -0.25507 -0.26115 -0.26711 -0.27297 -0.27873 -0.28441 -0.29002 -0.29555 -0.30102 -0.30644 -0.3118 -0.31712 -0.3224 -0.32764 -0.33284 -0.33802 -0.34317 -0.3483 -0.35342 -0.35852 -0.3636 -0.36868 -0.37376
-0.028798 -0.080327 -0.11254 -0.12935 -0.14289 -0.15462 -0.16514 -0.17481 -0.1838 -0.19227 -0.20031 -0.20799 -0.21536 -0.22247 -0.22935 -0.23602 -0.24253 -0.24887 -0.25507 -0.26115 -0.26711 -0.27297 -0.27873 -0.28441 -0.29002 -0.29555 -0.30102 -0.30644 -0.3118 -0.31712 -0.3224 -0.32764 -0.33284 -0.33802 -0.34317 -0.3483 -0.35342 -0.35852 -0.3636 -0.36868 -0.37376
-0.028798 -0.080327 -0.11254 -0.12935 -0.14289 -0.15462 -0.16514 -0.17481 -0.1838 -0.19227 -0.20031 -0.20799 -0.21536 -0.22247 -0.22935 -0.23602 -0.24253 -0.24887 -0.25507 -0.26115 -0.26711 -0.27297 -0.27873 -0.28441 -0.29002 -0.29555 -0.30102 -0.30644 -0.3118 -0.31712 -0.3224 -0.32764 -0.33284 -0.33802 -0.34317 -0.3483 -0.35342 -0.35852 -0.3636 -0.36868 -0.37376
-0.028798 -0.080327 -0.11254 -0.12935 -0.14289 -0.15462 -0.16514 -0.17481 -0.1838 -0.19227 -0.20031 -0.20799 -0.21536 -0.22247 -0.22935 -0.23602 -0.24253 -0.24887 -0.25507 -0.26115 -0.26711 -0.27297 -0.27873 -0.28441 -0.29002 -0.29555 -0.30102 -0.30644 -0.3118 -0.31712 -0.3224 -0.32764 -0.33284 -0.33802 -0.34317 -0.3483 -0.35342 -0.35852 -0.3636 -0.36868 -0.37376
-0.028798 -0.080327 -0.11254 -0.12935 -0.14289 -0.15462 -0.16514 -0.17481 -0.1838 -0.19227 -0.20031 -0.20799 -0.21536 -0.22247 -0.22935 -0.23602 -0.24253 -0.24887 -0.25507 -0.26115 -0.26711 -0.27297 -0.27873 -0.28441 -0.29002 -0.29555 -0.30102 -0.30644 -0.3118 -0.31712 -0.3224 -0.32764 -0.33284 -0.33802 -0.34317 -0.3483 -0.35342 -0.35852 -0.3636 -0.36868 -0.37376
-0.028798 -0.080327 -0.11254 -0.12935 -0.14289 -0.15462 -0.16514 -0.17481 -0.1838 -0.19227 -0.20031 -0.20799 -0.21536 -0.22247 -0.22935 -0.23602 -0.24253 -0.24887 -0.25507 -0.26115 -0.26711 -0.27297 -0.27873 -0.28441 -0.29002 -0.29555 -0.30102 -0.30644 -0.3118 -0.31712 -0.3224 -0.32764 -0.33284 -0.33802 -0.34317 -0.3483 -0.35342 -0.35852 -0.3636 -0.36868 -0.37376
-0.028798 -0.080327 -0.11254 -0.12935 -0.14289 -0.15462 -0.16514 -0.17481 -0.1838 -0.19227 -0.20031 -0.20799 -0.21536 -0.22247 -0.22935 -0.23602 -0.24253 -0.24887 -0.25507 -0.26115 -0.26711 -0.27297 -0.27873 -0.28441 -0.29002 -0.29555 -0.30102 -0.30644 -0.3118 -0.31712 -0.3224 -0.32764 -0.33284 -0.33802 -0.34317 -0.3483 -0.35342 -0.35852 -0.3636 -0.36868 -0.37376
-0.028798 -0.080327 -0.11254 -0.12935 -0.14289 -0.15462 -0.16514 -0.17481 -0.1838 -0.19227 -0.20031 -0.20799 -0.21536 -0.22247 -0.22935 -0.23602 -0.24253 -0.24887 -0.25507 -0.26115 -0.26711 -0.27297 -0.27873 -0.28441 -0.29002 -0.29555 -0.30102 -0.30644 -0.3118 -0.31712 -0.3224 -0.32764 -0.33284 -0.33802 -0.34317 -0.3483 -0.35342 -0.35852 -0.3636 -0.36868 -0.37376
-0.028798 -0.080327 -0.11254 -0.12935 -0.14289 -0.15462 -0.16514 -0.17481 -0.1838 -0.19227 -0.20031 -0.20799 -0.21536 -0.22247 -0.22935 -0.23602 -0.24253 -0.24887 -0.25507 -0.26115 -0.26711 -0.27297 -0.27873 -0.28441 -0.29002 -0.29555 -0.30102 -0.30644 -0.3118 -0.31712 -0.3224 -0.32764 -0.33284 -0.33802 -0.34317 -0.3483 -0.35342 -0.35852 -0.3636 -0.36868 -0.37376
